0.000000000000000000e+00 4.846967600000000000e+07
0.000000000000000000e+00 4.846971400000000000e+07
0.000000000000000000e+00 4.846955100000000000e+07
0.000000000000000000e+00 4.846956900000000000e+07
0.000000000000000000e+00 4.846953700000000000e+07
0.000000000000000000e+00 4.846942000000000000e+07
0.000000000000000000e+00 4.846936400000000000e+07
0.000000000000000000e+00 4.846937000000000000e+07
0.000000000000000000e+00 4.846937800000000000e+07
0.000000000000000000e+00 4.846956700000000000e+07
0.000000000000000000e+00 4.846955200000000000e+07
0.000000000000000000e+00 4.846946900000000000e+07
0.000000000000000000e+00 4.846964700000000000e+07
0.000000000000000000e+00 4.846942000000000000e+07
0.000000000000000000e+00 4.846946900000000000e+07
0.000000000000000000e+00 4.846953100000000000e+07
0.000000000000000000e+00 4.846944900000000000e+07
0.000000000000000000e+00 4.846943400000000000e+07
0.000000000000000000e+00 4.846937200000000000e+07
0.000000000000000000e+00 4.846927200000000000e+07
0.000000000000000000e+00 4.846937400000000000e+07
0.000000000000000000e+00 4.846947100000000000e+07
0.000000000000000000e+00 4.846952700000000000e+07
0.000000000000000000e+00 4.846939900000000000e+07
0.000000000000000000e+00 4.846940300000000000e+07
0.000000000000000000e+00 4.846933300000000000e+07
0.000000000000000000e+00 4.846949700000000000e+07
0.000000000000000000e+00 4.846929800000000000e+07
0.000000000000000000e+00 4.846934900000000000e+07
0.000000000000000000e+00 4.846909600000000000e+07
0.000000000000000000e+00 4.846907800000000000e+07
0.000000000000000000e+00 4.846946500000000000e+07
0.000000000000000000e+00 4.846958500000000000e+07
0.000000000000000000e+00 4.846959500000000000e+07
0.000000000000000000e+00 4.846968300000000000e+07
0.000000000000000000e+00 4.846962200000000000e+07
0.000000000000000000e+00 4.846962500000000000e+07
0.000000000000000000e+00 4.846962900000000000e+07
0.000000000000000000e+00 4.846976100000000000e+07
0.000000000000000000e+00 4.846947100000000000e+07
0.000000000000000000e+00 4.846968500000000000e+07
0.000000000000000000e+00 4.846974500000000000e+07
0.000000000000000000e+00 4.846987900000000000e+07
0.000000000000000000e+00 4.846983700000000000e+07
0.000000000000000000e+00 4.846971900000000000e+07
0.000000000000000000e+00 4.846994700000000000e+07
0.000000000000000000e+00 4.846969800000000000e+07
0.000000000000000000e+00 4.846972900000000000e+07
0.000000000000000000e+00 4.846967000000000000e+07
0.000000000000000000e+00 4.846983200000000000e+07
0.000000000000000000e+00 4.847009900000000000e+07
0.000000000000000000e+00 4.846977400000000000e+07
0.000000000000000000e+00 4.846968300000000000e+07
0.000000000000000000e+00 4.846976900000000000e+07
0.000000000000000000e+00 4.846999300000000000e+07
0.000000000000000000e+00 4.846982800000000000e+07
0.000000000000000000e+00 4.846970600000000000e+07
0.000000000000000000e+00 4.846972200000000000e+07
0.000000000000000000e+00 4.846980100000000000e+07
0.000000000000000000e+00 4.846982400000000000e+07
0.000000000000000000e+00 4.846976000000000000e+07
0.000000000000000000e+00 4.846986600000000000e+07
0.000000000000000000e+00 4.847002900000000000e+07
0.000000000000000000e+00 4.847001000000000000e+07
0.000000000000000000e+00 4.847014700000000000e+07
0.000000000000000000e+00 4.847011800000000000e+07
0.000000000000000000e+00 4.847016400000000000e+07
0.000000000000000000e+00 4.847006200000000000e+07
0.000000000000000000e+00 4.847005300000000000e+07
0.000000000000000000e+00 4.846993900000000000e+07
0.000000000000000000e+00 4.846982600000000000e+07
0.000000000000000000e+00 4.847005300000000000e+07
0.000000000000000000e+00 4.847011300000000000e+07
0.000000000000000000e+00 4.847019700000000000e+07
0.000000000000000000e+00 4.847010600000000000e+07
0.000000000000000000e+00 4.847018100000000000e+07
0.000000000000000000e+00 4.847004300000000000e+07
0.000000000000000000e+00 4.846985200000000000e+07
0.000000000000000000e+00 4.846983600000000000e+07
0.000000000000000000e+00 4.846995300000000000e+07
0.000000000000000000e+00 4.846997800000000000e+07
0.000000000000000000e+00 4.846989500000000000e+07
0.000000000000000000e+00 4.846993300000000000e+07
0.000000000000000000e+00 4.847016200000000000e+07
0.000000000000000000e+00 4.847000500000000000e+07
0.000000000000000000e+00 4.846990800000000000e+07
0.000000000000000000e+00 4.846973000000000000e+07
0.000000000000000000e+00 4.846966100000000000e+07
0.000000000000000000e+00 4.846979800000000000e+07
0.000000000000000000e+00 4.846976100000000000e+07
0.000000000000000000e+00 4.846983400000000000e+07
0.000000000000000000e+00 4.846975000000000000e+07
0.000000000000000000e+00 4.846988200000000000e+07
0.000000000000000000e+00 4.846999700000000000e+07
0.000000000000000000e+00 4.846981200000000000e+07
0.000000000000000000e+00 4.846980900000000000e+07
0.000000000000000000e+00 4.846986100000000000e+07
0.000000000000000000e+00 4.846993700000000000e+07
0.000000000000000000e+00 4.846994300000000000e+07
0.000000000000000000e+00 4.846994800000000000e+07
0.000000000000000000e+00 4.846989100000000000e+07
0.000000000000000000e+00 4.846985000000000000e+07
0.000000000000000000e+00 4.847002300000000000e+07
0.000000000000000000e+00 4.847002600000000000e+07
0.000000000000000000e+00 4.846984200000000000e+07
0.000000000000000000e+00 4.846988700000000000e+07
0.000000000000000000e+00 4.846992300000000000e+07
0.000000000000000000e+00 4.846991000000000000e+07
0.000000000000000000e+00 4.846994200000000000e+07
0.000000000000000000e+00 4.847007300000000000e+07
0.000000000000000000e+00 4.846994700000000000e+07
0.000000000000000000e+00 4.847027500000000000e+07
0.000000000000000000e+00 4.847012300000000000e+07
0.000000000000000000e+00 4.847021800000000000e+07
0.000000000000000000e+00 4.847026600000000000e+07
0.000000000000000000e+00 4.847031700000000000e+07
0.000000000000000000e+00 4.847029200000000000e+07
0.000000000000000000e+00 4.847040100000000000e+07
0.000000000000000000e+00 4.847029100000000000e+07
0.000000000000000000e+00 4.847046700000000000e+07
0.000000000000000000e+00 4.847051400000000000e+07
0.000000000000000000e+00 4.847055500000000000e+07
0.000000000000000000e+00 4.847034600000000000e+07
0.000000000000000000e+00 4.847034900000000000e+07
0.000000000000000000e+00 4.847015200000000000e+07
0.000000000000000000e+00 4.847025100000000000e+07
0.000000000000000000e+00 4.847025600000000000e+07
0.000000000000000000e+00 4.847013300000000000e+07
0.000000000000000000e+00 4.846992400000000000e+07
0.000000000000000000e+00 4.847008000000000000e+07
0.000000000000000000e+00 4.847015100000000000e+07
0.000000000000000000e+00 4.846998900000000000e+07
0.000000000000000000e+00 4.847000600000000000e+07
0.000000000000000000e+00 4.847008600000000000e+07
0.000000000000000000e+00 4.846988500000000000e+07
0.000000000000000000e+00 4.846993500000000000e+07
0.000000000000000000e+00 4.846993900000000000e+07
0.000000000000000000e+00 4.846993300000000000e+07
0.000000000000000000e+00 4.846995400000000000e+07
0.000000000000000000e+00 4.847012600000000000e+07
0.000000000000000000e+00 4.847010500000000000e+07
0.000000000000000000e+00 4.847006500000000000e+07
0.000000000000000000e+00 4.847006500000000000e+07
0.000000000000000000e+00 4.846997100000000000e+07
0.000000000000000000e+00 4.846993200000000000e+07
0.000000000000000000e+00 4.846976200000000000e+07
0.000000000000000000e+00 4.846971400000000000e+07
0.000000000000000000e+00 4.846988700000000000e+07
0.000000000000000000e+00 4.846975400000000000e+07
0.000000000000000000e+00 4.846988500000000000e+07
0.000000000000000000e+00 4.846979000000000000e+07
0.000000000000000000e+00 4.846992800000000000e+07
0.000000000000000000e+00 4.846994500000000000e+07
0.000000000000000000e+00 4.846998800000000000e+07
0.000000000000000000e+00 4.847001900000000000e+07
0.000000000000000000e+00 4.846994100000000000e+07
0.000000000000000000e+00 4.847007800000000000e+07
0.000000000000000000e+00 4.847008400000000000e+07
0.000000000000000000e+00 4.847000500000000000e+07
0.000000000000000000e+00 4.847008100000000000e+07
0.000000000000000000e+00 4.846993300000000000e+07
0.000000000000000000e+00 4.846983200000000000e+07
0.000000000000000000e+00 4.846950900000000000e+07
0.000000000000000000e+00 4.846943800000000000e+07
0.000000000000000000e+00 4.846941500000000000e+07
0.000000000000000000e+00 4.846945000000000000e+07
0.000000000000000000e+00 4.846942400000000000e+07
0.000000000000000000e+00 4.846947100000000000e+07
0.000000000000000000e+00 4.846949100000000000e+07
0.000000000000000000e+00 4.846956600000000000e+07
0.000000000000000000e+00 4.846966500000000000e+07
0.000000000000000000e+00 4.846987500000000000e+07
0.000000000000000000e+00 4.846992600000000000e+07
0.000000000000000000e+00 4.846996300000000000e+07
0.000000000000000000e+00 4.847009900000000000e+07
0.000000000000000000e+00 4.846992800000000000e+07
0.000000000000000000e+00 4.847005500000000000e+07
0.000000000000000000e+00 4.847026400000000000e+07
0.000000000000000000e+00 4.847024700000000000e+07
0.000000000000000000e+00 4.847024500000000000e+07
0.000000000000000000e+00 4.847035600000000000e+07
0.000000000000000000e+00 4.847017900000000000e+07
0.000000000000000000e+00 4.847000500000000000e+07
0.000000000000000000e+00 4.846999700000000000e+07
0.000000000000000000e+00 4.846986000000000000e+07
0.000000000000000000e+00 4.846982900000000000e+07
0.000000000000000000e+00 4.846974800000000000e+07
0.000000000000000000e+00 4.846976200000000000e+07
0.000000000000000000e+00 4.846974300000000000e+07
0.000000000000000000e+00 4.846983600000000000e+07
0.000000000000000000e+00 4.846977900000000000e+07
0.000000000000000000e+00 4.846985000000000000e+07
0.000000000000000000e+00 4.847019900000000000e+07
0.000000000000000000e+00 4.847004700000000000e+07
0.000000000000000000e+00 4.847009000000000000e+07
0.000000000000000000e+00 4.847035600000000000e+07
0.000000000000000000e+00 4.847031200000000000e+07
0.000000000000000000e+00 4.847050100000000000e+07
0.000000000000000000e+00 4.847055800000000000e+07
0.000000000000000000e+00 4.847056100000000000e+07
0.000000000000000000e+00 4.847056000000000000e+07
0.000000000000000000e+00 4.847059100000000000e+07
0.000000000000000000e+00 4.847060500000000000e+07
0.000000000000000000e+00 4.847052900000000000e+07
0.000000000000000000e+00 4.847076800000000000e+07
0.000000000000000000e+00 4.847074100000000000e+07
0.000000000000000000e+00 4.847084800000000000e+07
0.000000000000000000e+00 4.847067000000000000e+07
0.000000000000000000e+00 4.847069400000000000e+07
0.000000000000000000e+00 4.847087200000000000e+07
0.000000000000000000e+00 4.847082500000000000e+07
0.000000000000000000e+00 4.847063500000000000e+07
0.000000000000000000e+00 4.847061700000000000e+07
0.000000000000000000e+00 4.847060500000000000e+07
0.000000000000000000e+00 4.847080300000000000e+07
0.000000000000000000e+00 4.847091300000000000e+07
0.000000000000000000e+00 4.847090100000000000e+07
0.000000000000000000e+00 4.847067000000000000e+07
0.000000000000000000e+00 4.847081200000000000e+07
0.000000000000000000e+00 4.847088500000000000e+07
0.000000000000000000e+00 4.847097300000000000e+07
0.000000000000000000e+00 4.847085800000000000e+07
0.000000000000000000e+00 4.847083600000000000e+07
0.000000000000000000e+00 4.847056100000000000e+07
0.000000000000000000e+00 4.847061400000000000e+07
0.000000000000000000e+00 4.847065700000000000e+07
0.000000000000000000e+00 4.847052700000000000e+07
0.000000000000000000e+00 4.847084700000000000e+07
0.000000000000000000e+00 4.847045600000000000e+07
0.000000000000000000e+00 4.847065700000000000e+07
0.000000000000000000e+00 4.847065800000000000e+07
0.000000000000000000e+00 4.847078000000000000e+07
0.000000000000000000e+00 4.847096000000000000e+07
0.000000000000000000e+00 4.847089200000000000e+07
0.000000000000000000e+00 4.847095800000000000e+07
0.000000000000000000e+00 4.847091500000000000e+07
0.000000000000000000e+00 4.847077700000000000e+07
0.000000000000000000e+00 4.847091400000000000e+07
0.000000000000000000e+00 4.847081700000000000e+07
0.000000000000000000e+00 4.847083100000000000e+07
0.000000000000000000e+00 4.847087600000000000e+07
0.000000000000000000e+00 4.847068000000000000e+07
0.000000000000000000e+00 4.847064900000000000e+07
0.000000000000000000e+00 4.847069200000000000e+07
0.000000000000000000e+00 4.847063800000000000e+07
0.000000000000000000e+00 4.847073100000000000e+07
0.000000000000000000e+00 4.847072400000000000e+07
0.000000000000000000e+00 4.847056900000000000e+07
0.000000000000000000e+00 4.847060500000000000e+07
0.000000000000000000e+00 4.847048000000000000e+07
0.000000000000000000e+00 4.847042800000000000e+07
0.000000000000000000e+00 4.847033300000000000e+07
0.000000000000000000e+00 4.847015000000000000e+07
0.000000000000000000e+00 4.847012200000000000e+07
0.000000000000000000e+00 4.847025700000000000e+07
0.000000000000000000e+00 4.847021700000000000e+07
0.000000000000000000e+00 4.847004400000000000e+07
0.000000000000000000e+00 4.847018100000000000e+07
0.000000000000000000e+00 4.847013000000000000e+07
0.000000000000000000e+00 4.846990500000000000e+07
0.000000000000000000e+00 4.846996700000000000e+07
0.000000000000000000e+00 4.847003000000000000e+07
0.000000000000000000e+00 4.846981200000000000e+07
0.000000000000000000e+00 4.846987900000000000e+07
0.000000000000000000e+00 4.846975300000000000e+07
0.000000000000000000e+00 4.846992500000000000e+07
0.000000000000000000e+00 4.847023100000000000e+07
0.000000000000000000e+00 4.847033400000000000e+07
0.000000000000000000e+00 4.847035100000000000e+07
0.000000000000000000e+00 4.847025500000000000e+07
0.000000000000000000e+00 4.847041100000000000e+07
0.000000000000000000e+00 4.847059600000000000e+07
0.000000000000000000e+00 4.847055700000000000e+07
0.000000000000000000e+00 4.847063700000000000e+07
0.000000000000000000e+00 4.847055100000000000e+07
0.000000000000000000e+00 4.847047800000000000e+07
0.000000000000000000e+00 4.847068500000000000e+07
0.000000000000000000e+00 4.847063800000000000e+07
0.000000000000000000e+00 4.847058800000000000e+07
0.000000000000000000e+00 4.847040000000000000e+07
0.000000000000000000e+00 4.847031700000000000e+07
0.000000000000000000e+00 4.847040800000000000e+07
0.000000000000000000e+00 4.847043800000000000e+07
0.000000000000000000e+00 4.847027600000000000e+07
0.000000000000000000e+00 4.847027900000000000e+07
0.000000000000000000e+00 4.847021900000000000e+07
0.000000000000000000e+00 4.846986500000000000e+07
0.000000000000000000e+00 4.846990400000000000e+07
0.000000000000000000e+00 4.846989200000000000e+07
0.000000000000000000e+00 4.846989800000000000e+07
0.000000000000000000e+00 4.847003900000000000e+07
0.000000000000000000e+00 4.846994600000000000e+07
0.000000000000000000e+00 4.847015200000000000e+07
0.000000000000000000e+00 4.847017700000000000e+07
0.000000000000000000e+00 4.847041400000000000e+07
0.000000000000000000e+00 4.847039600000000000e+07
0.000000000000000000e+00 4.847028100000000000e+07
0.000000000000000000e+00 4.847037100000000000e+07
0.000000000000000000e+00 4.847024500000000000e+07
0.000000000000000000e+00 4.847027300000000000e+07
0.000000000000000000e+00 4.847013200000000000e+07
0.000000000000000000e+00 4.847007700000000000e+07
0.000000000000000000e+00 4.847008700000000000e+07
0.000000000000000000e+00 4.847026800000000000e+07
0.000000000000000000e+00 4.847012200000000000e+07
0.000000000000000000e+00 4.847015600000000000e+07
0.000000000000000000e+00 4.847023800000000000e+07
0.000000000000000000e+00 4.847029700000000000e+07
0.000000000000000000e+00 4.847018500000000000e+07
0.000000000000000000e+00 4.847010200000000000e+07
1.343467500000000000e+07 4.211658500000000000e+07
6.553500000000000000e+07 1.742544200000000000e+07
6.553500000000000000e+07 1.742540900000000000e+07
6.553500000000000000e+07 1.742550500000000000e+07
6.553500000000000000e+07 1.742551700000000000e+07
6.553500000000000000e+07 1.742551500000000000e+07
6.553500000000000000e+07 1.742553400000000000e+07
6.553500000000000000e+07 1.742556700000000000e+07
6.553500000000000000e+07 1.742545100000000000e+07
6.553500000000000000e+07 1.742561600000000000e+07
6.553500000000000000e+07 1.742562500000000000e+07
6.553500000000000000e+07 1.742563900000000000e+07
6.553500000000000000e+07 1.742550600000000000e+07
6.553500000000000000e+07 1.742552700000000000e+07
6.553500000000000000e+07 1.742562500000000000e+07
6.553500000000000000e+07 1.742571500000000000e+07
6.553500000000000000e+07 1.742589100000000000e+07
6.553500000000000000e+07 1.742591400000000000e+07
6.553500000000000000e+07 1.742590300000000000e+07
6.553500000000000000e+07 1.742594200000000000e+07
6.553500000000000000e+07 1.742589800000000000e+07
6.553500000000000000e+07 1.742590100000000000e+07
6.553500000000000000e+07 1.742603900000000000e+07
6.553500000000000000e+07 1.742598800000000000e+07
6.553500000000000000e+07 1.742569900000000000e+07
6.553500000000000000e+07 1.742597600000000000e+07
6.553500000000000000e+07 1.742580400000000000e+07
6.553500000000000000e+07 1.742562200000000000e+07
6.553500000000000000e+07 1.742555900000000000e+07
6.553500000000000000e+07 1.742571700000000000e+07
6.553500000000000000e+07 1.742586500000000000e+07
6.553500000000000000e+07 1.742587800000000000e+07
6.553500000000000000e+07 1.742608600000000000e+07
6.553500000000000000e+07 1.742554500000000000e+07
6.553500000000000000e+07 1.742479200000000000e+07
6.553500000000000000e+07 1.742370200000000000e+07
6.553500000000000000e+07 1.742407500000000000e+07
6.553500000000000000e+07 1.742457200000000000e+07
6.553500000000000000e+07 1.742500900000000000e+07
6.553500000000000000e+07 1.742518800000000000e+07
6.553500000000000000e+07 1.742531800000000000e+07
6.553500000000000000e+07 1.742563500000000000e+07
6.553500000000000000e+07 1.742573800000000000e+07
6.553500000000000000e+07 1.742607700000000000e+07
6.553500000000000000e+07 1.742568600000000000e+07
6.553500000000000000e+07 1.742574200000000000e+07
6.553500000000000000e+07 1.742562100000000000e+07
6.553500000000000000e+07 1.742540800000000000e+07
6.553500000000000000e+07 1.742572700000000000e+07
6.553500000000000000e+07 1.742563500000000000e+07
6.553500000000000000e+07 1.742567500000000000e+07
6.553500000000000000e+07 1.742593400000000000e+07
6.553500000000000000e+07 1.742623100000000000e+07
6.553500000000000000e+07 1.742678400000000000e+07
6.553500000000000000e+07 1.742793700000000000e+07
6.553500000000000000e+07 1.742761200000000000e+07
6.553500000000000000e+07 1.743124200000000000e+07
6.553500000000000000e+07 1.743353900000000000e+07
6.553500000000000000e+07 1.743530300000000000e+07
6.553500000000000000e+07 1.743058700000000000e+07
6.553500000000000000e+07 1.743304900000000000e+07
6.553500000000000000e+07 1.743345600000000000e+07
6.553500000000000000e+07 1.742942100000000000e+07
6.553500000000000000e+07 1.742583900000000000e+07
6.553500000000000000e+07 1.742643300000000000e+07
6.553500000000000000e+07 1.742881700000000000e+07
6.553500000000000000e+07 1.743090900000000000e+07
6.553500000000000000e+07 1.743173700000000000e+07
6.553500000000000000e+07 1.743201700000000000e+07
6.553500000000000000e+07 1.743273600000000000e+07
6.553500000000000000e+07 1.743184200000000000e+07
6.553500000000000000e+07 1.742963700000000000e+07
6.553500000000000000e+07 1.743016100000000000e+07
6.553500000000000000e+07 1.743005700000000000e+07
6.553500000000000000e+07 1.742944300000000000e+07
6.553500000000000000e+07 1.742940900000000000e+07
6.553500000000000000e+07 1.742905500000000000e+07
6.553500000000000000e+07 1.743006200000000000e+07
6.553500000000000000e+07 1.743255800000000000e+07
6.553500000000000000e+07 1.743456100000000000e+07
6.553500000000000000e+07 1.743318900000000000e+07
6.553500000000000000e+07 1.743134300000000000e+07
6.553500000000000000e+07 1.742851700000000000e+07
6.553500000000000000e+07 1.742728700000000000e+07
6.553500000000000000e+07 1.742712400000000000e+07
6.553500000000000000e+07 1.742761700000000000e+07
6.553500000000000000e+07 1.742623200000000000e+07
6.553500000000000000e+07 1.742656900000000000e+07
6.553500000000000000e+07 1.742714300000000000e+07
6.553500000000000000e+07 1.742827500000000000e+07
6.553500000000000000e+07 1.742949900000000000e+07
6.553500000000000000e+07 1.742846800000000000e+07
6.553500000000000000e+07 1.742834000000000000e+07
6.553500000000000000e+07 1.742994200000000000e+07
6.553500000000000000e+07 1.743138700000000000e+07
6.553500000000000000e+07 1.743303100000000000e+07
6.553500000000000000e+07 1.743147800000000000e+07
6.553500000000000000e+07 1.742901500000000000e+07
6.553500000000000000e+07 1.742896100000000000e+07
6.553500000000000000e+07 1.742932100000000000e+07
6.553500000000000000e+07 1.742817100000000000e+07
6.553500000000000000e+07 1.742941000000000000e+07
6.553500000000000000e+07 1.743032600000000000e+07
6.553500000000000000e+07 1.743095600000000000e+07
6.553500000000000000e+07 1.743116700000000000e+07
6.553500000000000000e+07 1.742997200000000000e+07
6.553500000000000000e+07 1.742618900000000000e+07
6.553500000000000000e+07 1.742482900000000000e+07
6.553500000000000000e+07 1.742630600000000000e+07
6.553500000000000000e+07 1.742788100000000000e+07
6.553500000000000000e+07 1.742950400000000000e+07
6.553500000000000000e+07 1.742908800000000000e+07
6.553500000000000000e+07 1.742727900000000000e+07
6.553500000000000000e+07 1.742317800000000000e+07
6.553500000000000000e+07 1.742096800000000000e+07
6.553500000000000000e+07 1.742268500000000000e+07
6.553500000000000000e+07 1.742611400000000000e+07
6.553500000000000000e+07 1.742574800000000000e+07
6.553500000000000000e+07 1.742579100000000000e+07
6.553500000000000000e+07 1.742659600000000000e+07
6.553500000000000000e+07 1.742603200000000000e+07
6.553500000000000000e+07 1.742732600000000000e+07
6.553500000000000000e+07 1.742760100000000000e+07
6.553500000000000000e+07 1.742756300000000000e+07
6.553500000000000000e+07 1.742769800000000000e+07
6.553500000000000000e+07 1.742815200000000000e+07
6.553500000000000000e+07 1.742890300000000000e+07
6.553500000000000000e+07 1.742918500000000000e+07
6.553500000000000000e+07 1.742946800000000000e+07
6.553500000000000000e+07 1.742984500000000000e+07
6.553500000000000000e+07 1.742999500000000000e+07
6.553500000000000000e+07 1.742987800000000000e+07
6.553500000000000000e+07 1.743016000000000000e+07
6.553500000000000000e+07 1.743060800000000000e+07
6.553500000000000000e+07 1.743087100000000000e+07
6.553500000000000000e+07 1.743146300000000000e+07
6.553500000000000000e+07 1.743177400000000000e+07
6.553500000000000000e+07 1.743163800000000000e+07
6.553500000000000000e+07 1.743142600000000000e+07
6.553500000000000000e+07 1.743142600000000000e+07
6.553500000000000000e+07 1.743141000000000000e+07
6.553500000000000000e+07 1.743122600000000000e+07
6.553500000000000000e+07 1.743117200000000000e+07
6.553500000000000000e+07 1.743090500000000000e+07
6.553500000000000000e+07 1.743079700000000000e+07
6.553500000000000000e+07 1.743064300000000000e+07
6.553500000000000000e+07 1.743065800000000000e+07
6.553500000000000000e+07 1.743058200000000000e+07
6.553500000000000000e+07 1.743045900000000000e+07
6.553500000000000000e+07 1.743015800000000000e+07
6.553500000000000000e+07 1.743026300000000000e+07
6.553500000000000000e+07 1.743085100000000000e+07
6.553500000000000000e+07 1.743100100000000000e+07
6.553500000000000000e+07 1.743117500000000000e+07
6.553500000000000000e+07 1.743118000000000000e+07
6.553500000000000000e+07 1.743114100000000000e+07
6.553500000000000000e+07 1.743092800000000000e+07
6.553500000000000000e+07 1.743084500000000000e+07
6.553500000000000000e+07 1.743081600000000000e+07
6.553500000000000000e+07 1.743078000000000000e+07
6.553500000000000000e+07 1.743089000000000000e+07
6.553500000000000000e+07 1.743082200000000000e+07
6.553500000000000000e+07 1.743061400000000000e+07
6.553500000000000000e+07 1.743062900000000000e+07
6.553500000000000000e+07 1.743082800000000000e+07
6.553500000000000000e+07 1.743075600000000000e+07
6.553500000000000000e+07 1.743050600000000000e+07
6.553500000000000000e+07 1.743062700000000000e+07
6.553500000000000000e+07 1.743072100000000000e+07
6.553500000000000000e+07 1.743075300000000000e+07
6.553500000000000000e+07 1.743080700000000000e+07
6.553500000000000000e+07 1.743087300000000000e+07
6.553500000000000000e+07 1.743092400000000000e+07
6.553500000000000000e+07 1.743097800000000000e+07
6.553500000000000000e+07 1.743099600000000000e+07
6.553500000000000000e+07 1.743081200000000000e+07
6.553500000000000000e+07 1.743124700000000000e+07
6.553500000000000000e+07 1.743136300000000000e+07
6.553500000000000000e+07 1.743138800000000000e+07
6.553500000000000000e+07 1.743132300000000000e+07
6.553500000000000000e+07 1.743138800000000000e+07
6.553500000000000000e+07 1.743140600000000000e+07
6.553500000000000000e+07 1.743131400000000000e+07
6.553500000000000000e+07 1.743145900000000000e+07
6.553500000000000000e+07 1.743161600000000000e+07
6.553500000000000000e+07 1.743159700000000000e+07
6.553500000000000000e+07 1.743155400000000000e+07
6.553500000000000000e+07 1.743126800000000000e+07
6.553500000000000000e+07 1.743144400000000000e+07
6.553500000000000000e+07 1.743131200000000000e+07
6.553500000000000000e+07 1.743085700000000000e+07
6.553500000000000000e+07 1.742905600000000000e+07
6.553500000000000000e+07 1.742818000000000000e+07
6.553500000000000000e+07 1.742871900000000000e+07
6.553500000000000000e+07 1.742898900000000000e+07
6.553500000000000000e+07 1.742912300000000000e+07
6.553500000000000000e+07 1.742934600000000000e+07
6.553500000000000000e+07 1.742969300000000000e+07
6.553500000000000000e+07 1.743007500000000000e+07
6.553500000000000000e+07 1.743004300000000000e+07
6.553500000000000000e+07 1.743022000000000000e+07
6.553500000000000000e+07 1.743029600000000000e+07
6.553500000000000000e+07 1.743059400000000000e+07
6.553500000000000000e+07 1.743088900000000000e+07
6.553500000000000000e+07 1.743084400000000000e+07
6.553500000000000000e+07 1.743061900000000000e+07
6.553500000000000000e+07 1.743088400000000000e+07
6.553500000000000000e+07 1.743086600000000000e+07
6.553500000000000000e+07 1.743081300000000000e+07
6.553500000000000000e+07 1.743084400000000000e+07
6.553500000000000000e+07 1.743093300000000000e+07
6.553500000000000000e+07 1.743063200000000000e+07
6.553500000000000000e+07 1.743052200000000000e+07
6.553500000000000000e+07 1.743062000000000000e+07
6.553500000000000000e+07 1.743049600000000000e+07
6.553500000000000000e+07 1.743044500000000000e+07
6.553500000000000000e+07 1.743064800000000000e+07
6.553500000000000000e+07 1.743048700000000000e+07
6.553500000000000000e+07 1.743060300000000000e+07
6.553500000000000000e+07 1.743061900000000000e+07
6.553500000000000000e+07 1.743060800000000000e+07
6.553500000000000000e+07 1.743064800000000000e+07
6.553500000000000000e+07 1.743052700000000000e+07
6.553500000000000000e+07 1.743032700000000000e+07
6.553500000000000000e+07 1.743051500000000000e+07
6.553500000000000000e+07 1.743010200000000000e+07
6.553500000000000000e+07 1.743028700000000000e+07
6.553500000000000000e+07 1.743036300000000000e+07
6.553500000000000000e+07 1.743025800000000000e+07
6.553500000000000000e+07 1.743044700000000000e+07
6.553500000000000000e+07 1.743046100000000000e+07
6.553500000000000000e+07 1.743030000000000000e+07
6.553500000000000000e+07 1.743041000000000000e+07
6.553500000000000000e+07 1.743040100000000000e+07
6.553500000000000000e+07 1.743017500000000000e+07
6.553500000000000000e+07 1.743014300000000000e+07
6.553500000000000000e+07 1.743014900000000000e+07
6.553500000000000000e+07 1.743014100000000000e+07
6.553500000000000000e+07 1.742991600000000000e+07
6.553500000000000000e+07 1.743071100000000000e+07
6.553500000000000000e+07 1.743051500000000000e+07
6.553500000000000000e+07 1.743038100000000000e+07
6.553500000000000000e+07 1.743018600000000000e+07
6.553500000000000000e+07 1.743026200000000000e+07
6.553500000000000000e+07 1.743023200000000000e+07
6.553500000000000000e+07 1.743022000000000000e+07
6.553500000000000000e+07 1.743004000000000000e+07
6.553500000000000000e+07 1.743002100000000000e+07
6.553500000000000000e+07 1.742971600000000000e+07
6.553500000000000000e+07 1.742981700000000000e+07
6.553500000000000000e+07 1.742992900000000000e+07
6.553500000000000000e+07 1.743000400000000000e+07
6.553500000000000000e+07 1.743004800000000000e+07
6.553500000000000000e+07 1.743005100000000000e+07
6.553500000000000000e+07 1.742993600000000000e+07
6.553500000000000000e+07 1.742952200000000000e+07
6.553500000000000000e+07 1.742951500000000000e+07
6.553500000000000000e+07 1.742952300000000000e+07
6.553500000000000000e+07 1.742947800000000000e+07
6.553500000000000000e+07 1.742953200000000000e+07
6.553500000000000000e+07 1.742947800000000000e+07
6.553500000000000000e+07 1.742957400000000000e+07
6.553500000000000000e+07 1.742975700000000000e+07
6.553500000000000000e+07 1.742960300000000000e+07
6.553500000000000000e+07 1.742951300000000000e+07
6.553500000000000000e+07 1.742965900000000000e+07
6.553500000000000000e+07 1.742967900000000000e+07
6.553500000000000000e+07 1.742986900000000000e+07
6.553500000000000000e+07 1.742996900000000000e+07
6.553500000000000000e+07 1.743006200000000000e+07
6.553500000000000000e+07 1.742997300000000000e+07
6.553500000000000000e+07 1.742977700000000000e+07
6.553500000000000000e+07 1.742984700000000000e+07
6.553500000000000000e+07 1.742973700000000000e+07
6.553500000000000000e+07 1.742988900000000000e+07
6.553500000000000000e+07 1.742999000000000000e+07
6.553500000000000000e+07 1.743012400000000000e+07
6.553500000000000000e+07 1.742976400000000000e+07
6.553500000000000000e+07 1.742979400000000000e+07
6.553500000000000000e+07 1.742970300000000000e+07
6.553500000000000000e+07 1.742957300000000000e+07
6.553500000000000000e+07 1.742964500000000000e+07
6.553500000000000000e+07 1.742959700000000000e+07
6.553500000000000000e+07 1.742948600000000000e+07
6.553500000000000000e+07 1.742938700000000000e+07
6.553500000000000000e+07 1.742931400000000000e+07
6.553500000000000000e+07 1.742822400000000000e+07
6.553500000000000000e+07 1.742617700000000000e+07
6.553500000000000000e+07 1.742548400000000000e+07
6.553500000000000000e+07 1.742211200000000000e+07
6.553500000000000000e+07 1.741785000000000000e+07
6.553500000000000000e+07 1.741918500000000000e+07
6.553500000000000000e+07 1.742131500000000000e+07
6.553500000000000000e+07 1.742394300000000000e+07
6.553500000000000000e+07 1.742568100000000000e+07
6.553500000000000000e+07 1.742767100000000000e+07
6.553500000000000000e+07 1.742931200000000000e+07
6.553500000000000000e+07 1.742992700000000000e+07
6.553500000000000000e+07 1.743032500000000000e+07
6.553500000000000000e+07 1.742999000000000000e+07
6.553500000000000000e+07 1.742999400000000000e+07
6.553500000000000000e+07 1.742962100000000000e+07
6.553500000000000000e+07 1.742734400000000000e+07
6.553500000000000000e+07 1.742606300000000000e+07
6.553500000000000000e+07 1.742566800000000000e+07
6.553500000000000000e+07 1.742746100000000000e+07
6.553500000000000000e+07 1.742747900000000000e+07
6.553500000000000000e+07 1.742882400000000000e+07
6.553500000000000000e+07 1.742953900000000000e+07
6.553500000000000000e+07 1.742969100000000000e+07
6.553500000000000000e+07 1.743016000000000000e+07
6.553500000000000000e+07 1.743058900000000000e+07
6.553500000000000000e+07 1.743112600000000000e+07
6.553500000000000000e+07 1.743149400000000000e+07
6.553500000000000000e+07 1.743131800000000000e+07
6.553500000000000000e+07 1.743080100000000000e+07
6.553500000000000000e+07 1.743073900000000000e+07
6.553500000000000000e+07 1.743097500000000000e+07
6.553500000000000000e+07 1.743148900000000000e+07
6.553500000000000000e+07 1.743158200000000000e+07
6.553500000000000000e+07 1.743171600000000000e+07
6.553500000000000000e+07 1.743202300000000000e+07
6.553500000000000000e+07 1.743238400000000000e+07
6.553500000000000000e+07 1.743250300000000000e+07
6.553500000000000000e+07 1.743171300000000000e+07
6.553500000000000000e+07 1.743135900000000000e+07
6.553500000000000000e+07 1.743009100000000000e+07
6.553500000000000000e+07 1.742436000000000000e+07
6.553500000000000000e+07 1.741559900000000000e+07
6.553500000000000000e+07 1.740647500000000000e+07
6.553500000000000000e+07 1.739391600000000000e+07
6.553500000000000000e+07 1.739070400000000000e+07
6.553500000000000000e+07 1.739468000000000000e+07
6.553500000000000000e+07 1.740004800000000000e+07
6.553500000000000000e+07 1.740340500000000000e+07
6.553500000000000000e+07 1.740934100000000000e+07
6.553500000000000000e+07 1.741381600000000000e+07
6.553500000000000000e+07 1.741564500000000000e+07
6.553500000000000000e+07 1.741829900000000000e+07
6.553500000000000000e+07 1.741920300000000000e+07
6.553500000000000000e+07 1.741525200000000000e+07
6.553500000000000000e+07 1.741350700000000000e+07
6.553500000000000000e+07 1.741539100000000000e+07
6.553500000000000000e+07 1.742031100000000000e+07
6.553500000000000000e+07 1.741896200000000000e+07
6.553500000000000000e+07 1.742146900000000000e+07
6.553500000000000000e+07 1.742286400000000000e+07
6.553500000000000000e+07 1.742926000000000000e+07
6.553500000000000000e+07 1.743213100000000000e+07
6.553500000000000000e+07 1.743576000000000000e+07
6.553500000000000000e+07 1.743404400000000000e+07
6.553500000000000000e+07 1.742853100000000000e+07
6.553500000000000000e+07 1.742565000000000000e+07
6.553500000000000000e+07 1.742446700000000000e+07
6.553500000000000000e+07 1.742312500000000000e+07
6.553500000000000000e+07 1.742843500000000000e+07
6.553500000000000000e+07 1.743192100000000000e+07
6.553500000000000000e+07 1.743298200000000000e+07
6.553500000000000000e+07 1.743203300000000000e+07
6.553500000000000000e+07 1.743171100000000000e+07
6.553500000000000000e+07 1.743067100000000000e+07
6.553500000000000000e+07 1.743103000000000000e+07
6.553500000000000000e+07 1.743201700000000000e+07
6.553500000000000000e+07 1.743459500000000000e+07
6.553500000000000000e+07 1.743624200000000000e+07
6.553500000000000000e+07 1.743751700000000000e+07
6.553500000000000000e+07 1.743907500000000000e+07
6.553500000000000000e+07 1.743922000000000000e+07
6.553500000000000000e+07 1.743922100000000000e+07
6.553500000000000000e+07 1.743927000000000000e+07
6.553500000000000000e+07 1.743926700000000000e+07
6.553500000000000000e+07 1.743908700000000000e+07
6.553500000000000000e+07 1.743924800000000000e+07
6.553500000000000000e+07 1.743953000000000000e+07
6.553500000000000000e+07 1.743999000000000000e+07
6.553500000000000000e+07 1.743985700000000000e+07
6.553500000000000000e+07 1.744018000000000000e+07
6.553500000000000000e+07 1.744026200000000000e+07
6.553500000000000000e+07 1.744039800000000000e+07
6.553500000000000000e+07 1.744012500000000000e+07
6.553500000000000000e+07 1.743996000000000000e+07
6.553500000000000000e+07 1.743957800000000000e+07
6.553500000000000000e+07 1.743943600000000000e+07
6.553500000000000000e+07 1.743930400000000000e+07
6.553500000000000000e+07 1.743913400000000000e+07
6.553500000000000000e+07 1.743914700000000000e+07
6.553500000000000000e+07 1.743957300000000000e+07
6.553500000000000000e+07 1.744002100000000000e+07
6.553500000000000000e+07 1.744075600000000000e+07
6.553500000000000000e+07 1.744060000000000000e+07
6.553500000000000000e+07 1.743946300000000000e+07
6.553500000000000000e+07 1.743907400000000000e+07
6.553500000000000000e+07 1.743860900000000000e+07
6.553500000000000000e+07 1.743767100000000000e+07
6.553500000000000000e+07 1.743711900000000000e+07
6.553500000000000000e+07 1.743668500000000000e+07
6.553500000000000000e+07 1.743660900000000000e+07
6.553500000000000000e+07 1.743627100000000000e+07
6.553500000000000000e+07 1.743610000000000000e+07
6.553500000000000000e+07 1.743619700000000000e+07
6.553500000000000000e+07 1.743594600000000000e+07
6.553500000000000000e+07 1.743627300000000000e+07
6.553500000000000000e+07 1.743674200000000000e+07
6.553500000000000000e+07 1.743674300000000000e+07
6.553500000000000000e+07 1.743703800000000000e+07
6.553500000000000000e+07 1.743732600000000000e+07
6.553500000000000000e+07 1.743758400000000000e+07
6.553500000000000000e+07 1.743777600000000000e+07
6.553500000000000000e+07 1.743755700000000000e+07
6.553500000000000000e+07 1.743740100000000000e+07
6.553500000000000000e+07 1.743728500000000000e+07
6.553500000000000000e+07 1.743671800000000000e+07
6.553500000000000000e+07 1.743612500000000000e+07
6.553500000000000000e+07 1.743542900000000000e+07
6.553500000000000000e+07 1.743454400000000000e+07
6.553500000000000000e+07 1.743407700000000000e+07
6.553500000000000000e+07 1.743349400000000000e+07
6.553500000000000000e+07 1.743254700000000000e+07
6.553500000000000000e+07 1.743187400000000000e+07
6.553500000000000000e+07 1.743098200000000000e+07
6.553500000000000000e+07 1.743073500000000000e+07
6.553500000000000000e+07 1.743083200000000000e+07
6.553500000000000000e+07 1.743121400000000000e+07
6.553500000000000000e+07 1.743231900000000000e+07
6.553500000000000000e+07 1.743370000000000000e+07
6.553500000000000000e+07 1.743433700000000000e+07
6.553500000000000000e+07 1.743474300000000000e+07
6.553500000000000000e+07 1.743484600000000000e+07
6.553500000000000000e+07 1.743489500000000000e+07
6.553500000000000000e+07 1.743509200000000000e+07
6.553500000000000000e+07 1.743486100000000000e+07
6.553500000000000000e+07 1.743469200000000000e+07
6.553500000000000000e+07 1.743429400000000000e+07
6.553500000000000000e+07 1.743374400000000000e+07
6.553500000000000000e+07 1.743350600000000000e+07
6.553500000000000000e+07 1.743301800000000000e+07
6.553500000000000000e+07 1.743259100000000000e+07
6.553500000000000000e+07 1.743196100000000000e+07
6.553500000000000000e+07 1.743127600000000000e+07
6.553500000000000000e+07 1.743075700000000000e+07
6.553500000000000000e+07 1.743042300000000000e+07
6.553500000000000000e+07 1.743001400000000000e+07
6.553500000000000000e+07 1.742972300000000000e+07
6.553500000000000000e+07 1.742924100000000000e+07
6.553500000000000000e+07 1.742958400000000000e+07
6.553500000000000000e+07 1.743066000000000000e+07
6.553500000000000000e+07 1.743137300000000000e+07
6.553500000000000000e+07 1.743265400000000000e+07
6.553500000000000000e+07 1.743265500000000000e+07
6.553500000000000000e+07 1.743082200000000000e+07
6.553500000000000000e+07 1.742901900000000000e+07
6.553500000000000000e+07 1.742858400000000000e+07
6.553500000000000000e+07 1.742849500000000000e+07
6.553500000000000000e+07 1.742797000000000000e+07
6.553500000000000000e+07 1.742764800000000000e+07
6.553500000000000000e+07 1.742800700000000000e+07
6.553500000000000000e+07 1.742827800000000000e+07
6.553500000000000000e+07 1.742843800000000000e+07
6.553500000000000000e+07 1.742874700000000000e+07
6.553500000000000000e+07 1.742840700000000000e+07
6.553500000000000000e+07 1.742836500000000000e+07
6.553500000000000000e+07 1.742786200000000000e+07
6.553500000000000000e+07 1.742746100000000000e+07
6.553500000000000000e+07 1.742751500000000000e+07
6.553500000000000000e+07 1.742773900000000000e+07
6.553500000000000000e+07 1.742818400000000000e+07
6.553500000000000000e+07 1.742877600000000000e+07
6.553500000000000000e+07 1.742899300000000000e+07
6.553500000000000000e+07 1.742941300000000000e+07
6.553500000000000000e+07 1.742967300000000000e+07
6.553500000000000000e+07 1.742981700000000000e+07
6.553500000000000000e+07 1.742992700000000000e+07
6.553500000000000000e+07 1.743007400000000000e+07
6.553500000000000000e+07 1.743017200000000000e+07
6.553500000000000000e+07 1.743061500000000000e+07
6.553500000000000000e+07 1.743092000000000000e+07
6.553500000000000000e+07 1.743123100000000000e+07
6.553500000000000000e+07 1.743139800000000000e+07
6.553500000000000000e+07 1.743138100000000000e+07
6.553500000000000000e+07 1.743171600000000000e+07
6.553500000000000000e+07 1.743169800000000000e+07
6.553500000000000000e+07 1.743161800000000000e+07
6.553500000000000000e+07 1.743176500000000000e+07
6.553500000000000000e+07 1.743214800000000000e+07
6.553500000000000000e+07 1.743230900000000000e+07
6.553500000000000000e+07 1.743241800000000000e+07
6.553500000000000000e+07 1.743249400000000000e+07
6.553500000000000000e+07 1.743282700000000000e+07
6.553500000000000000e+07 1.743289200000000000e+07
6.553500000000000000e+07 1.743275200000000000e+07
6.553500000000000000e+07 1.743308700000000000e+07
6.553500000000000000e+07 1.743323900000000000e+07
6.553500000000000000e+07 1.743320100000000000e+07
6.553500000000000000e+07 1.743311300000000000e+07
6.553500000000000000e+07 1.743294300000000000e+07
6.553500000000000000e+07 1.743282200000000000e+07
6.553500000000000000e+07 1.743291300000000000e+07
6.553500000000000000e+07 1.743306900000000000e+07
6.553500000000000000e+07 1.743285400000000000e+07
6.553500000000000000e+07 1.743297300000000000e+07
6.553500000000000000e+07 1.743275000000000000e+07
6.553500000000000000e+07 1.743284100000000000e+07
6.553500000000000000e+07 1.743274100000000000e+07
6.553500000000000000e+07 1.743273100000000000e+07
6.553500000000000000e+07 1.743275800000000000e+07
6.553500000000000000e+07 1.743258500000000000e+07
6.553500000000000000e+07 1.743262500000000000e+07
6.553500000000000000e+07 1.743254700000000000e+07
6.553500000000000000e+07 1.743262000000000000e+07
6.553500000000000000e+07 1.743249800000000000e+07
6.553500000000000000e+07 1.743254500000000000e+07
6.553500000000000000e+07 1.743238400000000000e+07
6.553500000000000000e+07 1.743251800000000000e+07
6.553500000000000000e+07 1.743251600000000000e+07
6.553500000000000000e+07 1.743259300000000000e+07
6.553500000000000000e+07 1.743262800000000000e+07
6.553500000000000000e+07 1.743271900000000000e+07
6.553500000000000000e+07 1.743276100000000000e+07
6.553500000000000000e+07 1.743263300000000000e+07
6.553500000000000000e+07 1.743278700000000000e+07
6.553500000000000000e+07 1.743284200000000000e+07
6.553500000000000000e+07 1.743295200000000000e+07
6.553500000000000000e+07 1.743292700000000000e+07
6.553500000000000000e+07 1.743295200000000000e+07
6.553500000000000000e+07 1.743301100000000000e+07
6.553500000000000000e+07 1.743286000000000000e+07
6.553500000000000000e+07 1.743323600000000000e+07
6.553500000000000000e+07 1.743326800000000000e+07
6.553500000000000000e+07 1.743323700000000000e+07
6.553500000000000000e+07 1.743329700000000000e+07
6.553500000000000000e+07 1.743312100000000000e+07
6.553500000000000000e+07 1.743320000000000000e+07
6.553500000000000000e+07 1.743317700000000000e+07
6.553500000000000000e+07 1.743296000000000000e+07
6.553500000000000000e+07 1.743308900000000000e+07
6.553500000000000000e+07 1.743289600000000000e+07
6.553500000000000000e+07 1.743290900000000000e+07
6.553500000000000000e+07 1.743274900000000000e+07
6.553500000000000000e+07 1.743268400000000000e+07
6.553500000000000000e+07 1.743271200000000000e+07
6.553500000000000000e+07 1.743257200000000000e+07
6.553500000000000000e+07 1.743274000000000000e+07
6.553500000000000000e+07 1.743281000000000000e+07
6.553500000000000000e+07 1.743284300000000000e+07
6.553500000000000000e+07 1.743292000000000000e+07
6.553500000000000000e+07 1.743299900000000000e+07
6.553500000000000000e+07 1.743291700000000000e+07
6.553500000000000000e+07 1.743298500000000000e+07
6.553500000000000000e+07 1.743317200000000000e+07
6.553500000000000000e+07 1.743297500000000000e+07
6.553500000000000000e+07 1.743291800000000000e+07
6.553500000000000000e+07 1.743283500000000000e+07
6.553500000000000000e+07 1.743300200000000000e+07
6.553500000000000000e+07 1.743306300000000000e+07
6.553500000000000000e+07 1.743301700000000000e+07
6.553500000000000000e+07 1.743317200000000000e+07
6.553500000000000000e+07 1.743312100000000000e+07
6.553500000000000000e+07 1.743309600000000000e+07
6.553500000000000000e+07 1.743310200000000000e+07
6.553500000000000000e+07 1.743310400000000000e+07
6.553500000000000000e+07 1.743330600000000000e+07
6.553500000000000000e+07 1.743330200000000000e+07
6.553500000000000000e+07 1.743330000000000000e+07
6.553500000000000000e+07 1.743313400000000000e+07
6.553500000000000000e+07 1.743324100000000000e+07
6.553500000000000000e+07 1.743319300000000000e+07
6.553500000000000000e+07 1.743309700000000000e+07
6.553500000000000000e+07 1.743307500000000000e+07
6.553500000000000000e+07 1.743295500000000000e+07
6.553500000000000000e+07 1.743317700000000000e+07
6.553500000000000000e+07 1.743314400000000000e+07
6.553500000000000000e+07 1.743294900000000000e+07
6.553500000000000000e+07 1.743289100000000000e+07
6.553500000000000000e+07 1.743297800000000000e+07
6.553500000000000000e+07 1.743300000000000000e+07
6.553500000000000000e+07 1.743297100000000000e+07
6.553500000000000000e+07 1.743295500000000000e+07
6.553500000000000000e+07 1.743272100000000000e+07
6.553500000000000000e+07 1.743265100000000000e+07
6.553500000000000000e+07 1.743262300000000000e+07
6.553500000000000000e+07 1.743240400000000000e+07
6.553500000000000000e+07 1.743241000000000000e+07
6.553500000000000000e+07 1.743258800000000000e+07
6.553500000000000000e+07 1.743266600000000000e+07
6.553500000000000000e+07 1.743252300000000000e+07
6.553500000000000000e+07 1.743248100000000000e+07
6.553500000000000000e+07 1.743227200000000000e+07
6.553500000000000000e+07 1.743217900000000000e+07
6.553500000000000000e+07 1.743218600000000000e+07
6.553500000000000000e+07 1.743218100000000000e+07
6.553500000000000000e+07 1.743207200000000000e+07
6.553500000000000000e+07 1.743226200000000000e+07
6.553500000000000000e+07 1.743195500000000000e+07
6.553500000000000000e+07 1.743186900000000000e+07
6.553500000000000000e+07 1.743204200000000000e+07
6.553500000000000000e+07 1.743216800000000000e+07
6.553500000000000000e+07 1.743222100000000000e+07
6.553500000000000000e+07 1.743219600000000000e+07
6.553500000000000000e+07 1.743221800000000000e+07
6.553500000000000000e+07 1.743202300000000000e+07
6.553500000000000000e+07 1.743220700000000000e+07
6.553500000000000000e+07 1.743219400000000000e+07
6.553500000000000000e+07 1.743169200000000000e+07
6.553500000000000000e+07 1.743191300000000000e+07
6.553500000000000000e+07 1.743191200000000000e+07
6.553500000000000000e+07 1.743201800000000000e+07
6.553500000000000000e+07 1.743200800000000000e+07
6.553500000000000000e+07 1.743208600000000000e+07
6.553500000000000000e+07 1.743211300000000000e+07
6.553500000000000000e+07 1.743198900000000000e+07
6.553500000000000000e+07 1.743193700000000000e+07
6.553500000000000000e+07 1.743198700000000000e+07
6.553500000000000000e+07 1.743201900000000000e+07
6.553500000000000000e+07 1.743200000000000000e+07
6.553500000000000000e+07 1.743214000000000000e+07
6.553500000000000000e+07 1.743215300000000000e+07
6.553500000000000000e+07 1.743219000000000000e+07
6.553500000000000000e+07 1.743228400000000000e+07
6.553500000000000000e+07 1.743224900000000000e+07
6.553500000000000000e+07 1.743203900000000000e+07
6.553500000000000000e+07 1.743229500000000000e+07
6.553500000000000000e+07 1.743314500000000000e+07
6.553500000000000000e+07 1.743321200000000000e+07
6.553500000000000000e+07 1.743298200000000000e+07
6.553500000000000000e+07 1.743280500000000000e+07
6.553500000000000000e+07 1.743277700000000000e+07
6.553500000000000000e+07 1.743291300000000000e+07
6.553500000000000000e+07 1.743257500000000000e+07
6.553500000000000000e+07 1.743257300000000000e+07
6.553500000000000000e+07 1.743260300000000000e+07
6.553500000000000000e+07 1.743262500000000000e+07
6.553500000000000000e+07 1.743254900000000000e+07
6.553500000000000000e+07 1.743248200000000000e+07
6.553500000000000000e+07 1.743230500000000000e+07
6.553500000000000000e+07 1.743222400000000000e+07
6.553500000000000000e+07 1.743259300000000000e+07
6.553500000000000000e+07 1.743287900000000000e+07
6.553500000000000000e+07 1.743263000000000000e+07
6.553500000000000000e+07 1.743250900000000000e+07
6.553500000000000000e+07 1.743256500000000000e+07
6.553500000000000000e+07 1.743266900000000000e+07
6.553500000000000000e+07 1.743249600000000000e+07
6.553500000000000000e+07 1.743239700000000000e+07
6.553500000000000000e+07 1.743234600000000000e+07
6.553500000000000000e+07 1.743226400000000000e+07
6.553500000000000000e+07 1.743223300000000000e+07
6.553500000000000000e+07 1.743224200000000000e+07
6.553500000000000000e+07 1.743224200000000000e+07
6.553500000000000000e+07 1.743208600000000000e+07
6.553500000000000000e+07 1.743207200000000000e+07
6.553500000000000000e+07 1.743214400000000000e+07
6.553500000000000000e+07 1.743193900000000000e+07
6.553500000000000000e+07 1.743176500000000000e+07
6.553500000000000000e+07 1.743148400000000000e+07
6.553500000000000000e+07 1.743122500000000000e+07
6.553500000000000000e+07 1.743137000000000000e+07
6.553500000000000000e+07 1.743117900000000000e+07
6.553500000000000000e+07 1.743075100000000000e+07
6.553500000000000000e+07 1.742936300000000000e+07
6.553500000000000000e+07 1.742868300000000000e+07
6.553500000000000000e+07 1.742990100000000000e+07
6.553500000000000000e+07 1.743011900000000000e+07
6.553500000000000000e+07 1.743040000000000000e+07
6.553500000000000000e+07 1.743031600000000000e+07
6.553500000000000000e+07 1.743054300000000000e+07
6.553500000000000000e+07 1.743083100000000000e+07
6.553500000000000000e+07 1.743094400000000000e+07
6.553500000000000000e+07 1.743100700000000000e+07
6.553500000000000000e+07 1.743100800000000000e+07
6.553500000000000000e+07 1.743102100000000000e+07
6.553500000000000000e+07 1.743109300000000000e+07
6.553500000000000000e+07 1.743113600000000000e+07
6.553500000000000000e+07 1.743123800000000000e+07
6.553500000000000000e+07 1.743090600000000000e+07
6.553500000000000000e+07 1.743111600000000000e+07
6.553500000000000000e+07 1.743122800000000000e+07
6.553500000000000000e+07 1.743135100000000000e+07
6.553500000000000000e+07 1.743134400000000000e+07
6.553500000000000000e+07 1.743145400000000000e+07
6.553500000000000000e+07 1.743150900000000000e+07
6.553500000000000000e+07 1.743155700000000000e+07
6.553500000000000000e+07 1.743137400000000000e+07
6.553500000000000000e+07 1.743121400000000000e+07
6.553500000000000000e+07 1.743110900000000000e+07
6.553500000000000000e+07 1.743098800000000000e+07
6.553500000000000000e+07 1.743115700000000000e+07
6.553500000000000000e+07 1.743106700000000000e+07
6.553500000000000000e+07 1.743108300000000000e+07
6.553500000000000000e+07 1.743093100000000000e+07
6.553500000000000000e+07 1.743094600000000000e+07
6.553500000000000000e+07 1.743093700000000000e+07
6.553500000000000000e+07 1.743063300000000000e+07
6.553500000000000000e+07 1.743067700000000000e+07
6.553500000000000000e+07 1.743076200000000000e+07
6.553500000000000000e+07 1.743054000000000000e+07
6.553500000000000000e+07 1.743054800000000000e+07
6.553500000000000000e+07 1.743058400000000000e+07
6.553500000000000000e+07 1.743077600000000000e+07
6.553500000000000000e+07 1.743071100000000000e+07
6.553500000000000000e+07 1.743082700000000000e+07
6.553500000000000000e+07 1.743084200000000000e+07
6.553500000000000000e+07 1.743092100000000000e+07
6.553500000000000000e+07 1.743088000000000000e+07
6.553500000000000000e+07 1.743110600000000000e+07
6.553500000000000000e+07 1.743107600000000000e+07
6.553500000000000000e+07 1.743103000000000000e+07
6.553500000000000000e+07 1.743112500000000000e+07
6.553500000000000000e+07 1.743125800000000000e+07
6.553500000000000000e+07 1.743123900000000000e+07
6.553500000000000000e+07 1.743128700000000000e+07
6.553500000000000000e+07 1.743102000000000000e+07
6.553500000000000000e+07 1.743105000000000000e+07
6.553500000000000000e+07 1.743086400000000000e+07
6.553500000000000000e+07 1.743086100000000000e+07
6.553500000000000000e+07 1.743085800000000000e+07
6.553500000000000000e+07 1.743086400000000000e+07
6.553500000000000000e+07 1.743079000000000000e+07
6.553500000000000000e+07 1.743094200000000000e+07
6.553500000000000000e+07 1.743095200000000000e+07
6.553500000000000000e+07 1.743105100000000000e+07
6.553500000000000000e+07 1.743117400000000000e+07
6.553500000000000000e+07 1.743118100000000000e+07
6.553500000000000000e+07 1.743124800000000000e+07
6.553500000000000000e+07 1.743110600000000000e+07
6.553500000000000000e+07 1.743124800000000000e+07
6.553500000000000000e+07 1.743134200000000000e+07
6.553500000000000000e+07 1.743149400000000000e+07
6.553500000000000000e+07 1.743135600000000000e+07
6.553500000000000000e+07 1.743132500000000000e+07
6.553500000000000000e+07 1.743107000000000000e+07
6.553500000000000000e+07 1.743091700000000000e+07
6.553500000000000000e+07 1.743111200000000000e+07
6.553500000000000000e+07 1.743122000000000000e+07
6.553500000000000000e+07 1.743117500000000000e+07
6.553500000000000000e+07 1.743116000000000000e+07
6.553500000000000000e+07 1.743099100000000000e+07
6.553500000000000000e+07 1.743072900000000000e+07
6.553500000000000000e+07 1.743077900000000000e+07
6.553500000000000000e+07 1.743071500000000000e+07
6.553500000000000000e+07 1.743092900000000000e+07
6.553500000000000000e+07 1.743074600000000000e+07
6.553500000000000000e+07 1.743115000000000000e+07
6.553500000000000000e+07 1.743121200000000000e+07
6.553500000000000000e+07 1.743112600000000000e+07
6.553500000000000000e+07 1.743115400000000000e+07
6.553500000000000000e+07 1.743124700000000000e+07
6.553500000000000000e+07 1.743117300000000000e+07
6.553500000000000000e+07 1.743139400000000000e+07
6.553500000000000000e+07 1.743130000000000000e+07
6.553500000000000000e+07 1.743127600000000000e+07
6.553500000000000000e+07 1.743140100000000000e+07
6.553500000000000000e+07 1.743124200000000000e+07
6.553500000000000000e+07 1.743124600000000000e+07
6.553500000000000000e+07 1.743124300000000000e+07
6.553500000000000000e+07 1.743148500000000000e+07
6.553500000000000000e+07 1.743162000000000000e+07
6.553500000000000000e+07 1.743152800000000000e+07
6.553500000000000000e+07 1.743174000000000000e+07
6.553500000000000000e+07 1.743172500000000000e+07
6.553500000000000000e+07 1.743170600000000000e+07
6.553500000000000000e+07 1.743199300000000000e+07
6.553500000000000000e+07 1.743178800000000000e+07
6.553500000000000000e+07 1.743181200000000000e+07
6.553500000000000000e+07 1.743168900000000000e+07
6.553500000000000000e+07 1.743166000000000000e+07
6.553500000000000000e+07 1.743170200000000000e+07
6.553500000000000000e+07 1.743162000000000000e+07
6.553500000000000000e+07 1.743165400000000000e+07
6.553500000000000000e+07 1.743143100000000000e+07
6.553500000000000000e+07 1.743151900000000000e+07
6.553500000000000000e+07 1.743161400000000000e+07
6.553500000000000000e+07 1.743120200000000000e+07
6.553500000000000000e+07 1.743127600000000000e+07
6.553500000000000000e+07 1.743125700000000000e+07
6.553500000000000000e+07 1.743142100000000000e+07
6.553500000000000000e+07 1.743138800000000000e+07
6.553500000000000000e+07 1.743139500000000000e+07
6.553500000000000000e+07 1.743134700000000000e+07
6.553500000000000000e+07 1.743145600000000000e+07
6.553500000000000000e+07 1.743134400000000000e+07
6.553500000000000000e+07 1.743140700000000000e+07
6.553500000000000000e+07 1.743162100000000000e+07
6.553500000000000000e+07 1.743156100000000000e+07
6.553500000000000000e+07 1.743156400000000000e+07
6.553500000000000000e+07 1.743145400000000000e+07
6.553500000000000000e+07 1.743156000000000000e+07
6.553500000000000000e+07 1.743159900000000000e+07
6.553500000000000000e+07 1.743158200000000000e+07
6.553500000000000000e+07 1.743153100000000000e+07
6.553500000000000000e+07 1.743160400000000000e+07
6.553500000000000000e+07 1.743189500000000000e+07
6.553500000000000000e+07 1.743159500000000000e+07
6.553500000000000000e+07 1.743164700000000000e+07
6.553500000000000000e+07 1.743142800000000000e+07
6.553500000000000000e+07 1.743133600000000000e+07
6.553500000000000000e+07 1.743117500000000000e+07
6.553500000000000000e+07 1.743118200000000000e+07
6.553500000000000000e+07 1.743128600000000000e+07
6.553500000000000000e+07 1.743120600000000000e+07
6.553500000000000000e+07 1.743110100000000000e+07
6.553500000000000000e+07 1.743108800000000000e+07
6.553500000000000000e+07 1.743118000000000000e+07
6.553500000000000000e+07 1.743094500000000000e+07
6.553500000000000000e+07 1.743112900000000000e+07
6.553500000000000000e+07 1.743085700000000000e+07
6.553500000000000000e+07 1.743097600000000000e+07
6.553500000000000000e+07 1.743070900000000000e+07
6.553500000000000000e+07 1.743068800000000000e+07
6.553500000000000000e+07 1.743093800000000000e+07
6.553500000000000000e+07 1.743076900000000000e+07
6.553500000000000000e+07 1.743099000000000000e+07
6.553500000000000000e+07 1.743089600000000000e+07
6.553500000000000000e+07 1.743079600000000000e+07
6.553500000000000000e+07 1.743064800000000000e+07
6.553500000000000000e+07 1.743078800000000000e+07
6.553500000000000000e+07 1.743068800000000000e+07
6.553500000000000000e+07 1.743074100000000000e+07
6.553500000000000000e+07 1.743073400000000000e+07
6.553500000000000000e+07 1.743084200000000000e+07
6.553500000000000000e+07 1.743079200000000000e+07
6.553500000000000000e+07 1.743078800000000000e+07
6.553500000000000000e+07 1.743073600000000000e+07
6.553500000000000000e+07 1.743088200000000000e+07
6.553500000000000000e+07 1.743112700000000000e+07
6.553500000000000000e+07 1.743132100000000000e+07
6.553500000000000000e+07 1.743143800000000000e+07
6.553500000000000000e+07 1.743160900000000000e+07
6.553500000000000000e+07 1.743170200000000000e+07
6.553500000000000000e+07 1.743171600000000000e+07
6.553500000000000000e+07 1.743168100000000000e+07
6.553500000000000000e+07 1.743182300000000000e+07
6.553500000000000000e+07 1.743169000000000000e+07
6.553500000000000000e+07 1.743175600000000000e+07
6.553500000000000000e+07 1.743162600000000000e+07
6.553500000000000000e+07 1.743173200000000000e+07
6.553500000000000000e+07 1.743190000000000000e+07
6.553500000000000000e+07 1.743193800000000000e+07
6.553500000000000000e+07 1.743177500000000000e+07
6.553500000000000000e+07 1.743194200000000000e+07
6.553500000000000000e+07 1.743183000000000000e+07
6.553500000000000000e+07 1.743189700000000000e+07
6.553500000000000000e+07 1.743187100000000000e+07
6.553500000000000000e+07 1.743189900000000000e+07
6.553500000000000000e+07 1.743190900000000000e+07
6.553500000000000000e+07 1.743195900000000000e+07
6.553500000000000000e+07 1.743183400000000000e+07
6.553500000000000000e+07 1.743188500000000000e+07
6.553500000000000000e+07 1.743170300000000000e+07
6.553500000000000000e+07 1.743182700000000000e+07
6.553500000000000000e+07 1.743185100000000000e+07
6.553500000000000000e+07 1.743188900000000000e+07
6.553500000000000000e+07 1.743188400000000000e+07
6.553500000000000000e+07 1.743167000000000000e+07
6.553500000000000000e+07 1.743159600000000000e+07
6.553500000000000000e+07 1.743190600000000000e+07
6.553500000000000000e+07 1.743169900000000000e+07
6.553500000000000000e+07 1.743153900000000000e+07
6.553500000000000000e+07 1.743149000000000000e+07
6.553500000000000000e+07 1.743121800000000000e+07
6.553500000000000000e+07 1.743116200000000000e+07
6.553500000000000000e+07 1.743112400000000000e+07
6.553500000000000000e+07 1.743124300000000000e+07
6.553500000000000000e+07 1.743122000000000000e+07
6.553500000000000000e+07 1.743106900000000000e+07
6.553500000000000000e+07 1.743083400000000000e+07
6.553500000000000000e+07 1.743088000000000000e+07
6.553500000000000000e+07 1.743078000000000000e+07
6.553500000000000000e+07 1.743080500000000000e+07
6.553500000000000000e+07 1.743097500000000000e+07
6.553500000000000000e+07 1.743096200000000000e+07
6.553500000000000000e+07 1.743088000000000000e+07
6.553500000000000000e+07 1.743103100000000000e+07
6.553500000000000000e+07 1.743076800000000000e+07
6.553500000000000000e+07 1.743089100000000000e+07
6.553500000000000000e+07 1.743104100000000000e+07
6.553500000000000000e+07 1.743082900000000000e+07
6.553500000000000000e+07 1.743078300000000000e+07
6.553500000000000000e+07 1.743074600000000000e+07
6.553500000000000000e+07 1.743072400000000000e+07
6.553500000000000000e+07 1.743091900000000000e+07
6.553500000000000000e+07 1.743085800000000000e+07
6.553500000000000000e+07 1.743097300000000000e+07
6.553500000000000000e+07 1.743088900000000000e+07
6.553500000000000000e+07 1.743084200000000000e+07
6.553500000000000000e+07 1.743116100000000000e+07
6.553500000000000000e+07 1.743100900000000000e+07
6.553500000000000000e+07 1.743110900000000000e+07
6.553500000000000000e+07 1.743108500000000000e+07
6.553500000000000000e+07 1.743085400000000000e+07
6.553500000000000000e+07 1.743085800000000000e+07
6.553500000000000000e+07 1.743072800000000000e+07
6.553500000000000000e+07 1.743072700000000000e+07
6.553500000000000000e+07 1.743064200000000000e+07
6.553500000000000000e+07 1.743053400000000000e+07
6.553500000000000000e+07 1.743036700000000000e+07
6.553500000000000000e+07 1.743041500000000000e+07
6.553500000000000000e+07 1.743030700000000000e+07
6.553500000000000000e+07 1.743047500000000000e+07
6.553500000000000000e+07 1.743036600000000000e+07
6.553500000000000000e+07 1.743042900000000000e+07
6.553500000000000000e+07 1.743048800000000000e+07
6.553500000000000000e+07 1.743037300000000000e+07
6.553500000000000000e+07 1.743035900000000000e+07
6.553500000000000000e+07 1.743037800000000000e+07
6.553500000000000000e+07 1.743042000000000000e+07
6.553500000000000000e+07 1.743038000000000000e+07
6.553500000000000000e+07 1.743057000000000000e+07
6.553500000000000000e+07 1.743048900000000000e+07
6.553500000000000000e+07 1.743058100000000000e+07
6.553500000000000000e+07 1.743057400000000000e+07
6.553500000000000000e+07 1.743065200000000000e+07
6.553500000000000000e+07 1.743071100000000000e+07
6.553500000000000000e+07 1.743067500000000000e+07
6.553500000000000000e+07 1.743105100000000000e+07
6.553500000000000000e+07 1.743098000000000000e+07
6.553500000000000000e+07 1.743079400000000000e+07
6.553500000000000000e+07 1.743070800000000000e+07
6.553500000000000000e+07 1.743075600000000000e+07
6.553500000000000000e+07 1.743078900000000000e+07
6.553500000000000000e+07 1.743091000000000000e+07
6.553500000000000000e+07 1.743072700000000000e+07
6.553500000000000000e+07 1.743089600000000000e+07
6.553500000000000000e+07 1.743088900000000000e+07
6.553500000000000000e+07 1.743105000000000000e+07
6.553500000000000000e+07 1.743102400000000000e+07
6.553500000000000000e+07 1.743099100000000000e+07
6.553500000000000000e+07 1.743094400000000000e+07
6.553500000000000000e+07 1.743099000000000000e+07
6.553500000000000000e+07 1.743086900000000000e+07
6.553500000000000000e+07 1.743074400000000000e+07
6.553500000000000000e+07 1.743087000000000000e+07
6.553500000000000000e+07 1.743087500000000000e+07
6.553500000000000000e+07 1.743072300000000000e+07
6.553500000000000000e+07 1.743063700000000000e+07
6.553500000000000000e+07 1.743062200000000000e+07
6.553500000000000000e+07 1.743060000000000000e+07
6.553500000000000000e+07 1.743038100000000000e+07
6.553500000000000000e+07 1.743039000000000000e+07
6.553500000000000000e+07 1.743071300000000000e+07
6.553500000000000000e+07 1.743058500000000000e+07
6.553500000000000000e+07 1.743071300000000000e+07
6.553500000000000000e+07 1.743076600000000000e+07
6.553500000000000000e+07 1.743098600000000000e+07
6.553500000000000000e+07 1.743103300000000000e+07
6.553500000000000000e+07 1.743101400000000000e+07
6.553500000000000000e+07 1.743110300000000000e+07
6.553500000000000000e+07 1.743105900000000000e+07
6.553500000000000000e+07 1.743087200000000000e+07
6.553500000000000000e+07 1.743089100000000000e+07
6.553500000000000000e+07 1.743086800000000000e+07
6.553500000000000000e+07 1.743112800000000000e+07
6.553500000000000000e+07 1.743104000000000000e+07
6.553500000000000000e+07 1.743097800000000000e+07
6.553500000000000000e+07 1.743103900000000000e+07
6.553500000000000000e+07 1.743084800000000000e+07
6.553500000000000000e+07 1.743087600000000000e+07
6.553500000000000000e+07 1.743079300000000000e+07
6.553500000000000000e+07 1.743056400000000000e+07
6.553500000000000000e+07 1.743058400000000000e+07
6.553500000000000000e+07 1.743032700000000000e+07
6.553500000000000000e+07 1.743027800000000000e+07
6.553500000000000000e+07 1.743015500000000000e+07
6.553500000000000000e+07 1.743028100000000000e+07
6.553500000000000000e+07 1.743023000000000000e+07
6.553500000000000000e+07 1.743016500000000000e+07
6.553500000000000000e+07 1.743008100000000000e+07
6.553500000000000000e+07 1.742988000000000000e+07
6.553500000000000000e+07 1.742992900000000000e+07
6.553500000000000000e+07 1.743003600000000000e+07
6.553500000000000000e+07 1.743001000000000000e+07
6.553500000000000000e+07 1.743009400000000000e+07
6.553500000000000000e+07 1.743023100000000000e+07
6.553500000000000000e+07 1.743024200000000000e+07
6.553500000000000000e+07 1.743029500000000000e+07
6.553500000000000000e+07 1.743039600000000000e+07
6.553500000000000000e+07 1.743031500000000000e+07
6.553500000000000000e+07 1.743024200000000000e+07
6.553500000000000000e+07 1.743034100000000000e+07
6.553500000000000000e+07 1.743015400000000000e+07
6.553500000000000000e+07 1.743036200000000000e+07
6.553500000000000000e+07 1.743023800000000000e+07
6.553500000000000000e+07 1.743028400000000000e+07
6.553500000000000000e+07 1.743035400000000000e+07
6.553500000000000000e+07 1.743021400000000000e+07
6.553500000000000000e+07 1.743027100000000000e+07
6.553500000000000000e+07 1.743054400000000000e+07
6.553500000000000000e+07 1.743066200000000000e+07
6.553500000000000000e+07 1.743072800000000000e+07
6.553500000000000000e+07 1.743068700000000000e+07
6.553500000000000000e+07 1.743062600000000000e+07
6.553500000000000000e+07 1.743061400000000000e+07
6.553500000000000000e+07 1.743066500000000000e+07
6.553500000000000000e+07 1.743071200000000000e+07
6.553500000000000000e+07 1.743075000000000000e+07
6.553500000000000000e+07 1.743085800000000000e+07
6.553500000000000000e+07 1.743079300000000000e+07
6.553500000000000000e+07 1.743079900000000000e+07
6.553500000000000000e+07 1.743089700000000000e+07
6.553500000000000000e+07 1.743085800000000000e+07
6.553500000000000000e+07 1.743110300000000000e+07
6.553500000000000000e+07 1.743120900000000000e+07
6.553500000000000000e+07 1.743107500000000000e+07
6.553500000000000000e+07 1.743119800000000000e+07
6.553500000000000000e+07 1.743109100000000000e+07
6.553500000000000000e+07 1.743105000000000000e+07
6.553500000000000000e+07 1.743076600000000000e+07
6.553500000000000000e+07 1.743090400000000000e+07
6.553500000000000000e+07 1.743102800000000000e+07
6.553500000000000000e+07 1.743092900000000000e+07
6.553500000000000000e+07 1.743104500000000000e+07
6.553500000000000000e+07 1.743089100000000000e+07
6.553500000000000000e+07 1.743064900000000000e+07
6.553500000000000000e+07 1.743059700000000000e+07
6.553500000000000000e+07 1.743083000000000000e+07
6.553500000000000000e+07 1.743103200000000000e+07
6.553500000000000000e+07 1.743094400000000000e+07
6.553500000000000000e+07 1.743098300000000000e+07
6.553500000000000000e+07 1.743127300000000000e+07
6.553500000000000000e+07 1.743119800000000000e+07
6.553500000000000000e+07 1.743115400000000000e+07
6.553500000000000000e+07 1.743123800000000000e+07
6.553500000000000000e+07 1.743137400000000000e+07
6.553500000000000000e+07 1.743144700000000000e+07
6.553500000000000000e+07 1.743132200000000000e+07
6.553500000000000000e+07 1.743143800000000000e+07
6.553500000000000000e+07 1.743124600000000000e+07
6.553500000000000000e+07 1.743130800000000000e+07
6.553500000000000000e+07 1.743137800000000000e+07
6.553500000000000000e+07 1.743159200000000000e+07
6.553500000000000000e+07 1.743165500000000000e+07
6.553500000000000000e+07 1.743159200000000000e+07
6.553500000000000000e+07 1.743170300000000000e+07
6.553500000000000000e+07 1.743157500000000000e+07
6.553500000000000000e+07 1.743160700000000000e+07
6.553500000000000000e+07 1.743148600000000000e+07
6.553500000000000000e+07 1.743153000000000000e+07
6.553500000000000000e+07 1.743147600000000000e+07
6.553500000000000000e+07 1.743141200000000000e+07
6.553500000000000000e+07 1.743139900000000000e+07
6.553500000000000000e+07 1.743152900000000000e+07
6.553500000000000000e+07 1.743149100000000000e+07
6.553500000000000000e+07 1.743154800000000000e+07
6.553500000000000000e+07 1.743137500000000000e+07
6.553500000000000000e+07 1.743134800000000000e+07
6.553500000000000000e+07 1.743136300000000000e+07
6.553500000000000000e+07 1.743158400000000000e+07
6.553500000000000000e+07 1.743140800000000000e+07
6.553500000000000000e+07 1.743154300000000000e+07
6.553500000000000000e+07 1.743165900000000000e+07
6.553500000000000000e+07 1.743165500000000000e+07
6.553500000000000000e+07 1.743158800000000000e+07
6.553500000000000000e+07 1.743158400000000000e+07
6.553500000000000000e+07 1.743145500000000000e+07
6.553500000000000000e+07 1.743152000000000000e+07
6.553500000000000000e+07 1.743143900000000000e+07
6.553500000000000000e+07 1.743140000000000000e+07
6.553500000000000000e+07 1.743154200000000000e+07
6.553500000000000000e+07 1.743146800000000000e+07
6.553500000000000000e+07 1.743141000000000000e+07
6.553500000000000000e+07 1.743127700000000000e+07
6.553500000000000000e+07 1.743121400000000000e+07
6.553500000000000000e+07 1.743133400000000000e+07
6.553500000000000000e+07 1.743128800000000000e+07
6.553500000000000000e+07 1.743118100000000000e+07
6.553500000000000000e+07 1.743118200000000000e+07
6.553500000000000000e+07 1.743118700000000000e+07
6.553500000000000000e+07 1.743127200000000000e+07
6.553500000000000000e+07 1.743124500000000000e+07
6.553500000000000000e+07 1.743123600000000000e+07
6.553500000000000000e+07 1.743110300000000000e+07
6.553500000000000000e+07 1.743127800000000000e+07
6.553500000000000000e+07 1.743107900000000000e+07
6.553500000000000000e+07 1.743102400000000000e+07
6.553500000000000000e+07 1.743095100000000000e+07
6.553500000000000000e+07 1.743103200000000000e+07
6.553500000000000000e+07 1.743094400000000000e+07
6.553500000000000000e+07 1.743064300000000000e+07
6.553500000000000000e+07 1.743085700000000000e+07
6.553500000000000000e+07 1.743101300000000000e+07
6.553500000000000000e+07 1.743080800000000000e+07
6.553500000000000000e+07 1.743082100000000000e+07
6.553500000000000000e+07 1.743082000000000000e+07
6.553500000000000000e+07 1.743066200000000000e+07
6.553500000000000000e+07 1.743063800000000000e+07
6.553500000000000000e+07 1.743074600000000000e+07
6.553500000000000000e+07 1.743078800000000000e+07
6.553500000000000000e+07 1.743075100000000000e+07
6.553500000000000000e+07 1.743075300000000000e+07
6.553500000000000000e+07 1.743070900000000000e+07
6.553500000000000000e+07 1.743071000000000000e+07
6.553500000000000000e+07 1.743063500000000000e+07
6.553500000000000000e+07 1.743070900000000000e+07
6.553500000000000000e+07 1.743075100000000000e+07
6.553500000000000000e+07 1.743054000000000000e+07
6.553500000000000000e+07 1.743064500000000000e+07
6.553500000000000000e+07 1.743030100000000000e+07
6.553500000000000000e+07 1.743036900000000000e+07
6.553500000000000000e+07 1.743041000000000000e+07
6.553500000000000000e+07 1.743018100000000000e+07
6.553500000000000000e+07 1.743037400000000000e+07
6.553500000000000000e+07 1.743048300000000000e+07
6.553500000000000000e+07 1.743034500000000000e+07
6.553500000000000000e+07 1.743033400000000000e+07
6.553500000000000000e+07 1.743032000000000000e+07
6.553500000000000000e+07 1.743041700000000000e+07
6.553500000000000000e+07 1.743066100000000000e+07
6.553500000000000000e+07 1.743067500000000000e+07
6.553500000000000000e+07 1.743075900000000000e+07
6.553500000000000000e+07 1.743068200000000000e+07
6.553500000000000000e+07 1.743080200000000000e+07
6.553500000000000000e+07 1.743092400000000000e+07
6.553500000000000000e+07 1.743113500000000000e+07
6.553500000000000000e+07 1.743111700000000000e+07
6.553500000000000000e+07 1.743128300000000000e+07
6.553500000000000000e+07 1.743136100000000000e+07
6.553500000000000000e+07 1.743139600000000000e+07
6.553500000000000000e+07 1.743129100000000000e+07
6.553500000000000000e+07 1.743140300000000000e+07
6.553500000000000000e+07 1.743125700000000000e+07
6.553500000000000000e+07 1.743108500000000000e+07
6.553500000000000000e+07 1.743090300000000000e+07
6.553500000000000000e+07 1.743090300000000000e+07
6.553500000000000000e+07 1.743095700000000000e+07
6.553500000000000000e+07 1.743106900000000000e+07
6.553500000000000000e+07 1.743116500000000000e+07
6.553500000000000000e+07 1.743133900000000000e+07
6.553500000000000000e+07 1.743136000000000000e+07
6.553500000000000000e+07 1.743137100000000000e+07
6.553500000000000000e+07 1.743154100000000000e+07
6.553500000000000000e+07 1.743146100000000000e+07
6.553500000000000000e+07 1.743148300000000000e+07
6.553500000000000000e+07 1.743165700000000000e+07
6.553500000000000000e+07 1.743173600000000000e+07
6.553500000000000000e+07 1.743176400000000000e+07
6.553500000000000000e+07 1.743167900000000000e+07
6.553500000000000000e+07 1.743149200000000000e+07
6.553500000000000000e+07 1.743176400000000000e+07
6.553500000000000000e+07 1.743170900000000000e+07
6.553500000000000000e+07 1.743177700000000000e+07
6.553500000000000000e+07 1.743195400000000000e+07
6.553500000000000000e+07 1.743188500000000000e+07
6.553500000000000000e+07 1.743198400000000000e+07
6.553500000000000000e+07 1.743174300000000000e+07
6.553500000000000000e+07 1.743168500000000000e+07
6.553500000000000000e+07 1.743172200000000000e+07
6.553500000000000000e+07 1.743163300000000000e+07
6.553500000000000000e+07 1.743150300000000000e+07
6.553500000000000000e+07 1.743170400000000000e+07
6.553500000000000000e+07 1.743158600000000000e+07
6.553500000000000000e+07 1.743158000000000000e+07
6.553500000000000000e+07 1.743153800000000000e+07
6.553500000000000000e+07 1.743136200000000000e+07
6.553500000000000000e+07 1.743147100000000000e+07
6.553500000000000000e+07 1.743137700000000000e+07
6.553500000000000000e+07 1.743121600000000000e+07
6.553500000000000000e+07 1.743129700000000000e+07
6.553500000000000000e+07 1.743130400000000000e+07
6.553500000000000000e+07 1.743137400000000000e+07
6.553500000000000000e+07 1.743136700000000000e+07
6.553500000000000000e+07 1.743127600000000000e+07
6.553500000000000000e+07 1.743141800000000000e+07
6.553500000000000000e+07 1.743147000000000000e+07
6.553500000000000000e+07 1.743135200000000000e+07
6.553500000000000000e+07 1.743121300000000000e+07
6.553500000000000000e+07 1.743130200000000000e+07
6.553500000000000000e+07 1.743121900000000000e+07
6.553500000000000000e+07 1.743111200000000000e+07
6.553500000000000000e+07 1.743076100000000000e+07
6.553500000000000000e+07 1.743074800000000000e+07
6.553500000000000000e+07 1.743077700000000000e+07
6.553500000000000000e+07 1.743088100000000000e+07
6.553500000000000000e+07 1.743090300000000000e+07
6.553500000000000000e+07 1.743082800000000000e+07
6.553500000000000000e+07 1.743097300000000000e+07
6.553500000000000000e+07 1.743087800000000000e+07
6.553500000000000000e+07 1.743111200000000000e+07
6.553500000000000000e+07 1.743119600000000000e+07
6.553500000000000000e+07 1.743140500000000000e+07
6.553500000000000000e+07 1.743137700000000000e+07
6.553500000000000000e+07 1.743153700000000000e+07
6.553500000000000000e+07 1.743150300000000000e+07
6.553500000000000000e+07 1.743162000000000000e+07
6.553500000000000000e+07 1.743153000000000000e+07
6.553500000000000000e+07 1.743141000000000000e+07
6.553500000000000000e+07 1.743140000000000000e+07
6.553500000000000000e+07 1.743125800000000000e+07
6.553500000000000000e+07 1.743134100000000000e+07
6.553500000000000000e+07 1.743124900000000000e+07
6.553500000000000000e+07 1.743143500000000000e+07
6.553500000000000000e+07 1.743135500000000000e+07
6.553500000000000000e+07 1.743138800000000000e+07
6.553500000000000000e+07 1.743151100000000000e+07
6.553500000000000000e+07 1.743127800000000000e+07
6.553500000000000000e+07 1.743148400000000000e+07
6.553500000000000000e+07 1.743129100000000000e+07
6.553500000000000000e+07 1.743146300000000000e+07
6.553500000000000000e+07 1.743145300000000000e+07
6.553500000000000000e+07 1.743131800000000000e+07
6.553500000000000000e+07 1.743134500000000000e+07
6.553500000000000000e+07 1.743126100000000000e+07
6.553500000000000000e+07 1.743112500000000000e+07
6.553500000000000000e+07 1.743098200000000000e+07
6.553500000000000000e+07 1.743091400000000000e+07
6.553500000000000000e+07 1.743088100000000000e+07
6.553500000000000000e+07 1.743105300000000000e+07
6.553500000000000000e+07 1.743090000000000000e+07
6.553500000000000000e+07 1.743092300000000000e+07
6.553500000000000000e+07 1.743092200000000000e+07
6.553500000000000000e+07 1.743089900000000000e+07
6.553500000000000000e+07 1.743101400000000000e+07
6.553500000000000000e+07 1.743117500000000000e+07
6.553500000000000000e+07 1.743122400000000000e+07
6.553500000000000000e+07 1.743127600000000000e+07
6.553500000000000000e+07 1.743114500000000000e+07
6.553500000000000000e+07 1.743128600000000000e+07
6.553500000000000000e+07 1.743136100000000000e+07
6.553500000000000000e+07 1.743135400000000000e+07
6.553500000000000000e+07 1.743130900000000000e+07
6.553500000000000000e+07 1.743137000000000000e+07
6.553500000000000000e+07 1.743142500000000000e+07
6.553500000000000000e+07 1.743135100000000000e+07
6.553500000000000000e+07 1.743148900000000000e+07
6.553500000000000000e+07 1.743130100000000000e+07
6.553500000000000000e+07 1.743134800000000000e+07
6.553500000000000000e+07 1.743144300000000000e+07
6.553500000000000000e+07 1.743126700000000000e+07
6.553500000000000000e+07 1.743144200000000000e+07
6.553500000000000000e+07 1.743117800000000000e+07
6.553500000000000000e+07 1.743120100000000000e+07
6.553500000000000000e+07 1.743115900000000000e+07
6.553500000000000000e+07 1.743125100000000000e+07
6.553500000000000000e+07 1.743133600000000000e+07
6.553500000000000000e+07 1.743152400000000000e+07
6.553500000000000000e+07 1.743159500000000000e+07
6.553500000000000000e+07 1.743176900000000000e+07
6.553500000000000000e+07 1.743160100000000000e+07
6.553500000000000000e+07 1.743187300000000000e+07
6.553500000000000000e+07 1.743199500000000000e+07
6.553500000000000000e+07 1.743195400000000000e+07
6.553500000000000000e+07 1.743190500000000000e+07
6.553500000000000000e+07 1.743182000000000000e+07
6.553500000000000000e+07 1.743162700000000000e+07
6.553500000000000000e+07 1.743158400000000000e+07
6.553500000000000000e+07 1.743159600000000000e+07
6.553500000000000000e+07 1.743162900000000000e+07
6.553500000000000000e+07 1.743154500000000000e+07
6.553500000000000000e+07 1.743157700000000000e+07
6.553500000000000000e+07 1.743142600000000000e+07
6.553500000000000000e+07 1.743156900000000000e+07
6.553500000000000000e+07 1.743151200000000000e+07
6.553500000000000000e+07 1.743160900000000000e+07
6.553500000000000000e+07 1.743151300000000000e+07
6.553500000000000000e+07 1.743155400000000000e+07
6.553500000000000000e+07 1.743153800000000000e+07
6.553500000000000000e+07 1.743143600000000000e+07
6.553500000000000000e+07 1.743146600000000000e+07
6.553500000000000000e+07 1.743161200000000000e+07
6.553500000000000000e+07 1.743150300000000000e+07
6.553500000000000000e+07 1.743162600000000000e+07
6.553500000000000000e+07 1.743164200000000000e+07
6.553500000000000000e+07 1.743170900000000000e+07
6.553500000000000000e+07 1.743179500000000000e+07
6.553500000000000000e+07 1.743187400000000000e+07
6.553500000000000000e+07 1.743195200000000000e+07
6.553500000000000000e+07 1.743202900000000000e+07
6.553500000000000000e+07 1.743189700000000000e+07
6.553500000000000000e+07 1.743202800000000000e+07
6.553500000000000000e+07 1.743197600000000000e+07
6.553500000000000000e+07 1.743211600000000000e+07
6.553500000000000000e+07 1.743212200000000000e+07
6.553500000000000000e+07 1.743202400000000000e+07
6.553500000000000000e+07 1.743202900000000000e+07
6.553500000000000000e+07 1.743179100000000000e+07
6.553500000000000000e+07 1.743178900000000000e+07
6.553500000000000000e+07 1.743180500000000000e+07
6.553500000000000000e+07 1.743194000000000000e+07
6.553500000000000000e+07 1.743172800000000000e+07
6.553500000000000000e+07 1.743185300000000000e+07
6.553500000000000000e+07 1.743181200000000000e+07
6.553500000000000000e+07 1.743207100000000000e+07
6.553500000000000000e+07 1.743190800000000000e+07
6.553500000000000000e+07 1.743193200000000000e+07
6.553500000000000000e+07 1.743191600000000000e+07
6.553500000000000000e+07 1.743174500000000000e+07
6.553500000000000000e+07 1.743182300000000000e+07
6.553500000000000000e+07 1.743169800000000000e+07
6.553500000000000000e+07 1.743167200000000000e+07
6.553500000000000000e+07 1.743186100000000000e+07
6.553500000000000000e+07 1.743176200000000000e+07
6.553500000000000000e+07 1.743182300000000000e+07
6.553500000000000000e+07 1.743194300000000000e+07
6.553500000000000000e+07 1.743186800000000000e+07
6.553500000000000000e+07 1.743187600000000000e+07
6.553500000000000000e+07 1.743190700000000000e+07
6.553500000000000000e+07 1.743197900000000000e+07
6.553500000000000000e+07 1.743189300000000000e+07
6.553500000000000000e+07 1.743195100000000000e+07
6.553500000000000000e+07 1.743204600000000000e+07
6.553500000000000000e+07 1.743221800000000000e+07
6.553500000000000000e+07 1.743201100000000000e+07
6.553500000000000000e+07 1.743195600000000000e+07
6.553500000000000000e+07 1.743185700000000000e+07
6.553500000000000000e+07 1.743201200000000000e+07
6.553500000000000000e+07 1.743175800000000000e+07
6.553500000000000000e+07 1.743181500000000000e+07
6.553500000000000000e+07 1.743187300000000000e+07
6.553500000000000000e+07 1.743191600000000000e+07
6.553500000000000000e+07 1.743201800000000000e+07
6.553500000000000000e+07 1.743206500000000000e+07
6.553500000000000000e+07 1.743190500000000000e+07
6.553500000000000000e+07 1.743190400000000000e+07
6.553500000000000000e+07 1.743189000000000000e+07
6.553500000000000000e+07 1.743205300000000000e+07
6.553500000000000000e+07 1.743206500000000000e+07
6.553500000000000000e+07 1.743198800000000000e+07
6.553500000000000000e+07 1.743177900000000000e+07
6.553500000000000000e+07 1.743158700000000000e+07
6.553500000000000000e+07 1.743182400000000000e+07
6.553500000000000000e+07 1.743183300000000000e+07
6.553500000000000000e+07 1.743181600000000000e+07
6.553500000000000000e+07 1.743187300000000000e+07
6.553500000000000000e+07 1.743203300000000000e+07
6.553500000000000000e+07 1.743206800000000000e+07
6.553500000000000000e+07 1.743206300000000000e+07
6.553500000000000000e+07 1.743194900000000000e+07
6.553500000000000000e+07 1.743179400000000000e+07
6.553500000000000000e+07 1.743181600000000000e+07
6.553500000000000000e+07 1.743156800000000000e+07
6.553500000000000000e+07 1.743161300000000000e+07
6.553500000000000000e+07 1.743156900000000000e+07
6.553500000000000000e+07 1.743172200000000000e+07
6.553500000000000000e+07 1.743176800000000000e+07
6.553500000000000000e+07 1.743168800000000000e+07
6.553500000000000000e+07 1.743178200000000000e+07
6.553500000000000000e+07 1.743182600000000000e+07
6.553500000000000000e+07 1.743193800000000000e+07
6.553500000000000000e+07 1.743194400000000000e+07
6.553500000000000000e+07 1.743195200000000000e+07
6.553500000000000000e+07 1.743203200000000000e+07
6.553500000000000000e+07 1.743231000000000000e+07
6.553500000000000000e+07 1.743241200000000000e+07
6.553500000000000000e+07 1.743257500000000000e+07
6.553500000000000000e+07 1.743260200000000000e+07
6.553500000000000000e+07 1.743247800000000000e+07
6.553500000000000000e+07 1.743228500000000000e+07
6.553500000000000000e+07 1.743228000000000000e+07
6.553500000000000000e+07 1.743238200000000000e+07
6.553500000000000000e+07 1.743246100000000000e+07
6.553500000000000000e+07 1.743288800000000000e+07
6.553500000000000000e+07 1.743273400000000000e+07
6.553500000000000000e+07 1.743253200000000000e+07
6.553500000000000000e+07 1.743267000000000000e+07
6.553500000000000000e+07 1.743290000000000000e+07
6.553500000000000000e+07 1.743286900000000000e+07
6.553500000000000000e+07 1.743308100000000000e+07
6.553500000000000000e+07 1.743304100000000000e+07
6.553500000000000000e+07 1.743288900000000000e+07
6.553500000000000000e+07 1.743302800000000000e+07
6.553500000000000000e+07 1.743304700000000000e+07
6.553500000000000000e+07 1.743309500000000000e+07
6.553500000000000000e+07 1.743312900000000000e+07
6.553500000000000000e+07 1.743308900000000000e+07
6.553500000000000000e+07 1.743317300000000000e+07
6.553500000000000000e+07 1.743292200000000000e+07
6.553500000000000000e+07 1.743282300000000000e+07
6.553500000000000000e+07 1.743292700000000000e+07
6.553500000000000000e+07 1.743277700000000000e+07
6.553500000000000000e+07 1.743282800000000000e+07
6.553500000000000000e+07 1.743263500000000000e+07
6.553500000000000000e+07 1.743242400000000000e+07
6.553500000000000000e+07 1.743240300000000000e+07
6.553500000000000000e+07 1.743246600000000000e+07
6.553500000000000000e+07 1.743245800000000000e+07
6.553500000000000000e+07 1.743250300000000000e+07
6.553500000000000000e+07 1.743239200000000000e+07
6.553500000000000000e+07 1.743221600000000000e+07
6.553500000000000000e+07 1.743237500000000000e+07
6.553500000000000000e+07 1.743224300000000000e+07
6.553500000000000000e+07 1.743228700000000000e+07
6.553500000000000000e+07 1.743233800000000000e+07
6.553500000000000000e+07 1.743238500000000000e+07
6.553500000000000000e+07 1.743260600000000000e+07
6.553500000000000000e+07 1.743255500000000000e+07
6.553500000000000000e+07 1.743259800000000000e+07
6.553500000000000000e+07 1.743239800000000000e+07
6.553500000000000000e+07 1.743217600000000000e+07
6.553500000000000000e+07 1.743230100000000000e+07
6.553500000000000000e+07 1.743218900000000000e+07
6.553500000000000000e+07 1.743215100000000000e+07
6.553500000000000000e+07 1.743207800000000000e+07
6.553500000000000000e+07 1.743224800000000000e+07
6.553500000000000000e+07 1.743222700000000000e+07
6.553500000000000000e+07 1.743228500000000000e+07
6.553500000000000000e+07 1.743235600000000000e+07
6.553500000000000000e+07 1.743254300000000000e+07
6.553500000000000000e+07 1.743252900000000000e+07
6.553500000000000000e+07 1.743255800000000000e+07
6.553500000000000000e+07 1.743231600000000000e+07
6.553500000000000000e+07 1.743237200000000000e+07
6.553500000000000000e+07 1.743229900000000000e+07
6.553500000000000000e+07 1.743219300000000000e+07
6.553500000000000000e+07 1.743213100000000000e+07
6.553500000000000000e+07 1.743210700000000000e+07
6.553500000000000000e+07 1.743201900000000000e+07
6.553500000000000000e+07 1.743163500000000000e+07
6.553500000000000000e+07 1.743170400000000000e+07
6.553500000000000000e+07 1.743181500000000000e+07
6.553500000000000000e+07 1.743193000000000000e+07
6.553500000000000000e+07 1.743194300000000000e+07
6.553500000000000000e+07 1.743212700000000000e+07
6.553500000000000000e+07 1.743169800000000000e+07
6.553500000000000000e+07 1.743204700000000000e+07
6.553500000000000000e+07 1.743222700000000000e+07
6.553500000000000000e+07 1.743211900000000000e+07
6.553500000000000000e+07 1.743201500000000000e+07
6.553500000000000000e+07 1.743213100000000000e+07
6.553500000000000000e+07 1.743220200000000000e+07
6.553500000000000000e+07 1.743176400000000000e+07
6.553500000000000000e+07 1.743188100000000000e+07
6.553500000000000000e+07 1.743190300000000000e+07
6.553500000000000000e+07 1.743183100000000000e+07
6.553500000000000000e+07 1.743176800000000000e+07
6.553500000000000000e+07 1.743196200000000000e+07
6.553500000000000000e+07 1.743173600000000000e+07
6.553500000000000000e+07 1.743171800000000000e+07
6.553500000000000000e+07 1.743145400000000000e+07
6.553500000000000000e+07 1.743142500000000000e+07
6.553500000000000000e+07 1.743122700000000000e+07
6.553500000000000000e+07 1.743108200000000000e+07
6.553500000000000000e+07 1.743100100000000000e+07
6.553500000000000000e+07 1.743102800000000000e+07
6.553500000000000000e+07 1.743095000000000000e+07
6.553500000000000000e+07 1.743091700000000000e+07
6.553500000000000000e+07 1.743064700000000000e+07
6.553500000000000000e+07 1.743059100000000000e+07
6.553500000000000000e+07 1.743080100000000000e+07
6.553500000000000000e+07 1.743090200000000000e+07
6.553500000000000000e+07 1.743081700000000000e+07
6.553500000000000000e+07 1.743072900000000000e+07
6.553500000000000000e+07 1.743081100000000000e+07
6.553500000000000000e+07 1.743073000000000000e+07
6.553500000000000000e+07 1.743079600000000000e+07
6.553500000000000000e+07 1.743064400000000000e+07
6.553500000000000000e+07 1.743063100000000000e+07
6.553500000000000000e+07 1.743062900000000000e+07
6.553500000000000000e+07 1.743058700000000000e+07
6.553500000000000000e+07 1.743072300000000000e+07
6.553500000000000000e+07 1.743070900000000000e+07
6.553500000000000000e+07 1.743087600000000000e+07
6.553500000000000000e+07 1.743090100000000000e+07
6.553500000000000000e+07 1.743090700000000000e+07
6.553500000000000000e+07 1.743090000000000000e+07
6.553500000000000000e+07 1.743094300000000000e+07
6.553500000000000000e+07 1.743100900000000000e+07
6.553500000000000000e+07 1.743102900000000000e+07
6.553500000000000000e+07 1.743097000000000000e+07
6.553500000000000000e+07 1.743111400000000000e+07
6.553500000000000000e+07 1.743106400000000000e+07
6.553500000000000000e+07 1.743084800000000000e+07
6.553500000000000000e+07 1.743081100000000000e+07
6.553500000000000000e+07 1.743088600000000000e+07
6.553500000000000000e+07 1.743091300000000000e+07
6.553500000000000000e+07 1.743075900000000000e+07
6.553500000000000000e+07 1.743077500000000000e+07
6.553500000000000000e+07 1.743083300000000000e+07
6.553500000000000000e+07 1.743099200000000000e+07
6.553500000000000000e+07 1.743099900000000000e+07
6.553500000000000000e+07 1.743066200000000000e+07
6.553500000000000000e+07 1.743083100000000000e+07
6.553500000000000000e+07 1.743102700000000000e+07
6.553500000000000000e+07 1.743085700000000000e+07
6.553500000000000000e+07 1.743107200000000000e+07
6.553500000000000000e+07 1.743099400000000000e+07
6.553500000000000000e+07 1.743089200000000000e+07
6.553500000000000000e+07 1.743078500000000000e+07
6.553500000000000000e+07 1.743080400000000000e+07
6.553500000000000000e+07 1.743079400000000000e+07
6.553500000000000000e+07 1.743060500000000000e+07
6.553500000000000000e+07 1.743064800000000000e+07
6.553500000000000000e+07 1.743063000000000000e+07
6.553500000000000000e+07 1.743055800000000000e+07
6.553500000000000000e+07 1.743081200000000000e+07
6.553500000000000000e+07 1.743093900000000000e+07
6.553500000000000000e+07 1.743104900000000000e+07
6.553500000000000000e+07 1.743114000000000000e+07
6.553500000000000000e+07 1.743125300000000000e+07
6.553500000000000000e+07 1.743145000000000000e+07
6.553500000000000000e+07 1.743146700000000000e+07
6.553500000000000000e+07 1.743145300000000000e+07
6.553500000000000000e+07 1.743157400000000000e+07
6.553500000000000000e+07 1.743156900000000000e+07
6.553500000000000000e+07 1.743179100000000000e+07
6.553500000000000000e+07 1.743181700000000000e+07
6.553500000000000000e+07 1.743188200000000000e+07
6.553500000000000000e+07 1.743184800000000000e+07
6.553500000000000000e+07 1.743199100000000000e+07
6.553500000000000000e+07 1.743182500000000000e+07
6.553500000000000000e+07 1.743182200000000000e+07
6.553500000000000000e+07 1.743176200000000000e+07
6.553500000000000000e+07 1.743188000000000000e+07
6.553500000000000000e+07 1.743184700000000000e+07
6.553500000000000000e+07 1.743157200000000000e+07
6.553500000000000000e+07 1.743171000000000000e+07
6.553500000000000000e+07 1.743165300000000000e+07
6.553500000000000000e+07 1.743165100000000000e+07
6.553500000000000000e+07 1.743130200000000000e+07
6.553500000000000000e+07 1.743125900000000000e+07
6.553500000000000000e+07 1.743118000000000000e+07
6.553500000000000000e+07 1.743109700000000000e+07
6.553500000000000000e+07 1.743118500000000000e+07
6.553500000000000000e+07 1.743117400000000000e+07
6.553500000000000000e+07 1.743107600000000000e+07
6.553500000000000000e+07 1.743103300000000000e+07
6.553500000000000000e+07 1.743095800000000000e+07
6.553500000000000000e+07 1.743099500000000000e+07
6.553500000000000000e+07 1.743095200000000000e+07
6.553500000000000000e+07 1.743096700000000000e+07
6.553500000000000000e+07 1.743094000000000000e+07
6.553500000000000000e+07 1.743090700000000000e+07
6.553500000000000000e+07 1.743108300000000000e+07
6.553500000000000000e+07 1.743087300000000000e+07
6.553500000000000000e+07 1.743086000000000000e+07
6.553500000000000000e+07 1.743099300000000000e+07
6.553500000000000000e+07 1.743112300000000000e+07
6.553500000000000000e+07 1.743100600000000000e+07
6.553500000000000000e+07 1.743103800000000000e+07
6.553500000000000000e+07 1.743079600000000000e+07
6.553500000000000000e+07 1.743096200000000000e+07
6.553500000000000000e+07 1.743105400000000000e+07
6.553500000000000000e+07 1.743104500000000000e+07
6.553500000000000000e+07 1.743091300000000000e+07
6.553500000000000000e+07 1.743085100000000000e+07
6.553500000000000000e+07 1.743077000000000000e+07
6.553500000000000000e+07 1.743076300000000000e+07
6.553500000000000000e+07 1.743087400000000000e+07
6.553500000000000000e+07 1.743075900000000000e+07
6.553500000000000000e+07 1.743053700000000000e+07
6.553500000000000000e+07 1.743052900000000000e+07
6.553500000000000000e+07 1.743064100000000000e+07
6.553500000000000000e+07 1.743048400000000000e+07
6.553500000000000000e+07 1.743039500000000000e+07
6.553500000000000000e+07 1.743046800000000000e+07
6.553500000000000000e+07 1.743066300000000000e+07
6.553500000000000000e+07 1.743080100000000000e+07
6.553500000000000000e+07 1.743055000000000000e+07
6.553500000000000000e+07 1.743058400000000000e+07
6.553500000000000000e+07 1.743062200000000000e+07
6.553500000000000000e+07 1.743062200000000000e+07
6.553500000000000000e+07 1.743069300000000000e+07
6.553500000000000000e+07 1.743077300000000000e+07
6.553500000000000000e+07 1.743078500000000000e+07
6.553500000000000000e+07 1.743082200000000000e+07
6.553500000000000000e+07 1.743076000000000000e+07
6.553500000000000000e+07 1.743077700000000000e+07
6.553500000000000000e+07 1.743063200000000000e+07
6.553500000000000000e+07 1.743060100000000000e+07
